1095 3
Agfa_DC-504_0_150.JPG 1935.626343 2313.804199 212.487061
Agfa_DC-504_0_149.JPG 1935.641479 2313.729248 212.475204
Agfa_DC-504_0_151.JPG 1935.879150 2313.364990 212.358200
Agfa_DC-504_0_152.JPG 1935.325439 2314.191895 212.842819
Agfa_DC-504_0_153.JPG 1934.709473 2314.826660 213.328644
Agfa_DC-504_0_154.JPG 1934.054199 2315.753662 213.546875
Agfa_DC-504_0_167.JPG 8864.715820 9983.114258 1024.007690
Agfa_DC-504_0_168.JPG 8864.715820 9983.114258 1024.007690
Agfa_DC-504_0_169.JPG 8864.715820 9983.114258 1024.007690
Agfa_DC-504_0_170.JPG 1864.393555 3287.494629 57.903164
Agfa_DC-504_0_171.JPG 1864.393555 3287.998535 57.840206
Agfa_DC-504_0_172.JPG 1864.393555 3286.853271 58.243919
Agfa_DC-504_0_176.JPG 10462.670898 10378.788086 663.859680
Agfa_DC-504_0_177.JPG 10462.670898 10378.788086 663.859680
Agfa_DC-504_0_178.JPG 10462.670898 10378.788086 663.859680
Agfa_Sensor530s_0_2033.JPG -78.283012 3.654358 -5.682706
Agfa_Sensor530s_0_2034.JPG -78.317871 3.686617 -5.688094
Agfa_Sensor530s_0_2035.JPG -78.292412 3.651171 -5.733684
Agfa_Sensor530s_0_2036.JPG -78.282562 3.662354 -5.722914
Agfa_Sensor530s_0_2037.JPG -78.324265 3.658210 -5.755880
Agfa_Sensor530s_0_2038.JPG -78.280022 3.669736 -5.704615
Agfa_Sensor530s_0_2039.JPG -78.320633 3.714512 -5.709149
Agfa_Sensor530s_0_2040.JPG -78.313698 3.673096 -5.747144
Agfa_Sensor530s_0_2041.JPG -78.316048 3.588534 -5.795640
Agfa_Sensor530s_0_2042.JPG -78.244202 3.644484 -5.635821
Agfa_Sensor530s_0_2043.JPG -78.316170 3.709449 -5.660493
Agfa_Sensor530s_0_2044.JPG -78.030945 3.462909 -5.431949
Agfa_Sensor530s_0_2045.JPG -78.278336 3.547149 -5.661874
Agfa_Sensor530s_0_2046.JPG -78.211082 3.583900 -5.624695
Agfa_Sensor530s_0_2047.JPG -77.850426 3.317334 -5.265326
Agfa_Sensor530s_0_2048.JPG -78.142555 3.482750 -5.585648
Agfa_Sensor530s_0_2049.JPG -78.085243 3.484288 -5.411299
Agfa_Sensor530s_0_2050.JPG -78.039673 3.450962 -5.427053
Agfa_Sensor530s_0_2051.JPG -78.080025 3.545942 -5.350448
Agfa_Sensor530s_0_2052.JPG -77.932495 3.422462 -5.211835
Agfa_Sensor530s_0_2053.JPG -77.681480 3.037069 -4.881245
Agfa_Sensor530s_0_2054.JPG -78.352058 3.672262 -5.636191
Agfa_Sensor530s_0_2055.JPG -78.262260 3.760303 -5.589725
Agfa_Sensor530s_0_2056.JPG -78.290268 3.745061 -5.833878
Agfa_Sensor530s_0_2057.JPG -78.173576 3.725055 -5.632232
Agfa_Sensor530s_0_2058.JPG -78.332924 3.508248 -5.734437
Agfa_Sensor530s_0_2059.JPG -78.387695 3.659255 -5.310328
Agfa_Sensor530s_0_2060.JPG -78.208176 3.663007 -5.576013
Agfa_Sensor530s_0_2061.JPG -78.179810 3.602834 -5.681404
Agfa_Sensor530s_0_2062.JPG -78.206299 3.732331 -5.500502
Agfa_Sensor530s_0_2063.JPG -78.427475 3.879248 -5.494044
Agfa_Sensor530s_0_2064.JPG -79.070267 4.126821 -6.296332
Agfa_Sensor530s_0_2065.JPG -78.433167 3.522910 -5.704633
Agfa_Sensor530s_0_2066.JPG -78.543549 3.500877 -5.940635
Agfa_Sensor530s_0_2067.JPG -79.201912 4.221887 -6.400773
Agfa_Sensor530s_0_2068.JPG -78.748817 4.061709 -5.406615
Agfa_Sensor530s_0_2069.JPG -78.709869 3.807357 -5.993123
Agfa_Sensor530s_0_2070.JPG -78.455513 3.192141 -6.333778
Agfa_Sensor530s_0_2071.JPG -78.831261 3.333489 -6.225156
Agfa_Sensor530s_0_2072.JPG -77.777939 4.219509 -6.250969
Agfa_Sensor530s_0_2073.JPG -77.805405 3.115665 -5.892904
Agfa_Sensor530s_0_2074.JPG -77.929092 4.007726 -6.448275
Agfa_Sensor530s_0_2075.JPG -77.635559 3.622676 -6.498686
Agfa_Sensor530s_0_2076.JPG -78.034363 3.542176 -4.286046
Agfa_Sensor530s_0_2077.JPG -77.625481 3.449369 -4.202963
Agfa_Sensor530s_0_2078.JPG -79.412163 2.203625 -5.171403
Agfa_Sensor530s_0_2079.JPG -79.463539 2.151133 -5.173733
Agfa_Sensor530s_0_2080.JPG -77.896767 3.698113 -4.459546
Agfa_Sensor530s_0_2081.JPG -77.561890 3.447120 -4.161230
Agfa_Sensor530s_0_2082.JPG -78.162735 3.842835 -4.398890
Agfa_Sensor530s_0_2083.JPG -78.261627 2.844617 -4.561488
Agfa_Sensor530s_0_2084.JPG -77.073357 2.460773 -5.453459
Agfa_Sensor530s_0_2085.JPG -77.018738 2.395980 -5.467421
Agfa_Sensor530s_0_2086.JPG -78.458572 3.622011 -4.228513
Agfa_Sensor530s_0_2087.JPG -78.642120 4.262866 -4.686090
Agfa_Sensor530s_0_2317.JPG -78.874062 4.455848 -5.156571
Agfa_Sensor530s_0_2320.JPG 1848.387695 2487.819092 348.475677
Agfa_Sensor530s_0_2321.JPG 1848.387695 2488.185303 348.565735
Agfa_Sensor530s_0_2322.JPG 1848.387695 2487.340332 348.283997
Agfa_Sensor530s_0_2323.JPG -77.464790 4.397175 -5.321012
Agfa_Sensor530s_0_2326.JPG -77.830963 4.749652 -5.660095
Praktica_DCZ5.9_0_33686.JPG -79.582382 3.608987 0.703604
Praktica_DCZ5.9_0_33687.JPG -79.612961 3.618927 0.882688
Praktica_DCZ5.9_0_33688.JPG -79.724884 3.532312 0.465234
Praktica_DCZ5.9_0_33689.JPG -79.710098 3.724785 0.865781
Praktica_DCZ5.9_0_33690.JPG -79.594727 3.749121 0.898091
Praktica_DCZ5.9_0_33691.JPG -79.536797 3.452454 0.691518
Praktica_DCZ5.9_0_33692.JPG -79.661629 3.611845 0.760118
Praktica_DCZ5.9_0_33693.JPG -79.680283 3.798737 0.927207
Praktica_DCZ5.9_0_33694.JPG -79.259499 3.513073 0.138232
Praktica_DCZ5.9_0_33695.JPG -79.606133 3.778775 0.895709
Praktica_DCZ5.9_0_33696.JPG -79.739120 3.728369 0.847779
Praktica_DCZ5.9_0_33697.JPG -79.330597 3.388847 0.601374
Praktica_DCZ5.9_0_33698.JPG -79.398781 3.772855 0.963397
Praktica_DCZ5.9_0_33699.JPG -78.983742 3.360409 0.719340
Praktica_DCZ5.9_0_33700.JPG -78.649147 3.482717 0.448057
Praktica_DCZ5.9_0_33701.JPG -79.484169 5.264088 1.078661
Praktica_DCZ5.9_0_33702.JPG -82.712082 2.195873 2.456019
Praktica_DCZ5.9_0_33703.JPG -79.499947 5.608642 -1.664347
Praktica_DCZ5.9_0_33704.JPG -79.466270 5.429551 1.104723
Praktica_DCZ5.9_0_33705.JPG -82.753166 2.175521 2.477297
Praktica_DCZ5.9_0_33706.JPG -79.521370 5.648052 -1.708415
Praktica_DCZ5.9_0_33707.JPG -79.589066 3.690420 0.981403
Praktica_DCZ5.9_0_33708.JPG -79.676414 3.763954 0.829401
Praktica_DCZ5.9_0_33709.JPG -79.762306 3.509287 0.499795
Praktica_DCZ5.9_0_33710.JPG -79.645683 3.774165 0.860798
Praktica_DCZ5.9_0_33711.JPG -79.676865 3.774500 0.878980
Praktica_DCZ5.9_0_33712.JPG -79.422707 3.482828 0.471015
Praktica_DCZ5.9_0_33713.JPG -79.898674 3.691717 0.763043
Praktica_DCZ5.9_0_33714.JPG -79.768616 3.682508 0.934178
Praktica_DCZ5.9_0_33715.JPG -79.402687 3.318731 0.568537
Praktica_DCZ5.9_0_33716.JPG -79.947830 3.404499 0.501971
Praktica_DCZ5.9_0_33717.JPG -84.823593 5.139381 2.468655
Praktica_DCZ5.9_0_33718.JPG -82.016724 3.908494 1.048370
Praktica_DCZ5.9_0_33719.JPG -79.940315 3.513039 0.558083
Praktica_DCZ5.9_0_33720.JPG -84.576515 4.939883 2.261797
Praktica_DCZ5.9_0_33721.JPG -82.127739 3.910499 1.057736
Praktica_DCZ5.9_0_33722.JPG -84.871803 5.172045 2.502256
Praktica_DCZ5.9_0_33723.JPG -79.649132 3.690962 1.125320
Praktica_DCZ5.9_0_33724.JPG -79.804489 3.803042 0.876097
Praktica_DCZ5.9_0_33725.JPG -79.807259 3.562547 0.561915
Praktica_DCZ5.9_0_33726.JPG -79.908104 3.752872 1.003743
Praktica_DCZ5.9_0_33727.JPG -79.721344 3.584292 0.842300
Praktica_DCZ5.9_0_33728.JPG -79.828445 3.873037 1.001848
Praktica_DCZ5.9_0_33729.JPG -79.848701 3.504438 0.498479
Praktica_DCZ5.9_0_33730.JPG -78.169914 2.952168 0.115377
Praktica_DCZ5.9_0_33731.JPG -76.879181 3.996627 0.299146
Praktica_DCZ5.9_0_33732.JPG -78.179344 3.076975 0.553801
Praktica_DCZ5.9_0_33733.JPG -78.763451 2.948302 0.442881
Praktica_DCZ5.9_0_33734.JPG -78.037071 3.739667 0.840059
Praktica_DCZ5.9_0_33735.JPG -76.877129 4.027650 0.294825
Praktica_DCZ5.9_0_33736.JPG -77.486618 3.042803 1.022979
Praktica_DCZ5.9_0_33737.JPG -83.068840 -0.394299 4.462459
Praktica_DCZ5.9_0_33738.JPG -78.573601 2.962765 0.800209
Praktica_DCZ5.9_0_33739.JPG -78.903740 3.176785 0.404150
Praktica_DCZ5.9_0_33740.JPG -83.082199 -0.403729 4.472517
Praktica_DCZ5.9_0_33741.JPG -76.042938 2.845219 0.372631
Praktica_DCZ5.9_0_33742.JPG -101.486877 0.710396 -3.866926
Praktica_DCZ5.9_0_33743.JPG -101.487320 0.710286 -3.867215
Praktica_DCZ5.9_0_33744.JPG -79.519440 4.030720 1.005009
Praktica_DCZ5.9_0_33745.JPG -79.958969 3.666227 0.347952
Praktica_DCZ5.9_0_33746.JPG -79.736763 4.043856 1.162929
Praktica_DCZ5.9_0_33747.JPG -79.968323 3.915566 0.927584
Praktica_DCZ5.9_0_33748.JPG -79.917229 2.497763 3.388589
Praktica_DCZ5.9_0_33749.JPG -81.069244 4.592926 1.559272
Praktica_DCZ5.9_0_33750.JPG -79.755119 3.869807 1.207261
Praktica_DCZ5.9_0_33751.JPG -79.658119 3.396451 0.204210
Praktica_DCZ5.9_0_33752.JPG -79.958435 3.350491 0.327500
Praktica_DCZ5.9_0_33753.JPG -80.104561 4.021228 0.727486
Praktica_DCZ5.9_0_33754.JPG -81.165611 4.642390 1.594364
Praktica_DCZ5.9_0_33755.JPG -78.414398 3.719804 0.392445
Praktica_DCZ5.9_0_33756.JPG -78.907181 3.120560 0.885260
Praktica_DCZ5.9_0_33757.JPG -79.626724 3.465827 0.143002
Praktica_DCZ5.9_0_33758.JPG -79.342079 4.070290 1.041246
Praktica_DCZ5.9_0_33759.JPG -79.012154 3.402322 0.710122
Praktica_DCZ5.9_0_33760.JPG -79.347359 4.032449 -0.112144
Praktica_DCZ5.9_0_33761.JPG -79.352425 3.531115 1.337853
Praktica_DCZ5.9_0_33762.JPG -79.445702 3.688379 1.288442
Praktica_DCZ5.9_0_33763.JPG -80.026207 3.335480 0.382629
Praktica_DCZ5.9_0_33764.JPG -79.855385 3.555060 1.199591
Praktica_DCZ5.9_0_33765.JPG -79.539246 3.560363 1.042130
Praktica_DCZ5.9_0_33766.JPG -79.892624 3.222639 0.160760
Praktica_DCZ5.9_0_33767.JPG -78.343933 3.469029 0.218116
Praktica_DCZ5.9_0_33768.JPG -78.733528 3.550823 0.523187
Praktica_DCZ5.9_0_33769.JPG -78.841446 3.227611 0.783673
Praktica_DCZ5.9_0_33770.JPG -90.381905 3.422535 7.183639
Praktica_DCZ5.9_0_33771.JPG -90.387016 3.422518 7.185627
Praktica_DCZ5.9_0_33772.JPG -79.255844 3.998898 1.268792
Praktica_DCZ5.9_0_33773.JPG -79.473785 4.479212 1.400964
Praktica_DCZ5.9_0_33774.JPG -79.981354 3.015075 0.504272
Praktica_DCZ5.9_0_33775.JPG -79.478722 2.821464 0.437636
Praktica_DCZ5.9_0_33776.JPG -79.369965 2.977678 0.568584
Praktica_DCZ5.9_0_33777.JPG -79.480057 3.418092 0.987404
Praktica_DCZ5.9_0_33778.JPG -80.047966 3.065339 1.364537
Praktica_DCZ5.9_0_33779.JPG -80.229095 4.065460 1.534090
Praktica_DCZ5.9_0_33780.JPG -79.959244 4.291060 1.215833
Praktica_DCZ5.9_0_33781.JPG -79.862358 3.158897 0.650728
Praktica_DCZ5.9_0_33782.JPG -83.359077 5.270439 -0.792719
Praktica_DCZ5.9_0_33783.JPG -83.378113 5.278875 -0.800529
Praktica_DCZ5.9_0_33784.JPG -79.293816 4.700508 0.783651
Praktica_DCZ5.9_0_33785.JPG -80.332344 4.281847 0.716888
Praktica_DCZ5.9_0_33786.JPG -80.347252 2.732709 0.425649
Praktica_DCZ5.9_0_33787.JPG -80.490211 2.711290 0.420388
Praktica_DCZ5.9_0_33788.JPG -78.664482 2.816707 1.452464
Praktica_DCZ5.9_0_33789.JPG -78.704559 3.096990 1.480972
Praktica_DCZ5.9_0_33790.JPG -78.789886 4.014120 2.573609
Praktica_DCZ5.9_0_33791.JPG -78.777092 4.050245 2.651542
Praktica_DCZ5.9_0_33792.JPG -84.590103 1.573719 -1.371479
Praktica_DCZ5.9_0_33793.JPG -84.602165 1.570631 -1.374958
Praktica_DCZ5.9_0_33794.JPG -77.802841 3.317162 0.520163
Praktica_DCZ5.9_0_33795.JPG -77.093483 3.483947 0.417876
Praktica_DCZ5.9_0_33796.JPG -78.628029 3.797287 -1.260373
Praktica_DCZ5.9_0_33797.JPG -78.685608 3.816360 -1.290203
Praktica_DCZ5.9_0_33798.JPG -79.156975 4.445067 0.414342
Praktica_DCZ5.9_0_33799.JPG -78.988579 4.605542 0.432609
Praktica_DCZ5.9_0_33800.JPG -88.225952 16.321926 1.861544
Praktica_DCZ5.9_0_33801.JPG -88.233795 16.324280 1.861842
Praktica_DCZ5.9_0_33802.JPG -77.960960 3.045792 1.026063
Praktica_DCZ5.9_0_33803.JPG -80.443832 3.680143 1.419889
Praktica_DCZ5.9_0_33804.JPG -79.303902 2.995917 0.181416
Praktica_DCZ5.9_0_33805.JPG -80.230370 3.110651 0.094052
Praktica_DCZ5.9_0_33806.JPG -77.638336 2.703640 0.334071
Praktica_DCZ5.9_0_33807.JPG -78.321762 3.081867 1.483254
Praktica_DCZ5.9_0_33808.JPG -89.518890 9.079813 -11.579987
Praktica_DCZ5.9_0_33809.JPG -89.518288 9.080215 -11.580894
Praktica_DCZ5.9_0_33810.JPG -78.478271 4.441008 0.412179
Praktica_DCZ5.9_0_33811.JPG -78.501892 4.250204 1.206922
Praktica_DCZ5.9_0_33812.JPG -77.992401 3.424919 0.100634
Praktica_DCZ5.9_0_33813.JPG -79.013245 3.289230 -0.173764
Praktica_DCZ5.9_0_33814.JPG -78.974167 3.647627 0.943530
Praktica_DCZ5.9_0_33815.JPG -78.901283 4.413862 0.541582
Praktica_DCZ5.9_0_33816.JPG -79.907982 3.901175 -0.330665
Praktica_DCZ5.9_0_33817.JPG -79.055710 3.045238 0.516064
Praktica_DCZ5.9_0_33818.JPG -79.427147 2.920882 1.497275
Praktica_DCZ5.9_0_33819.JPG -79.429230 3.616039 -0.272177
Praktica_DCZ5.9_0_33820.JPG -78.818695 3.183105 0.937616
Praktica_DCZ5.9_0_33821.JPG -78.838013 4.281823 0.417850
Praktica_DCZ5.9_0_33822.JPG -80.473396 4.431161 -1.474947
Praktica_DCZ5.9_0_33823.JPG -80.541908 4.456332 -1.545135
Praktica_DCZ5.9_0_33824.JPG -78.904411 4.132051 1.608913
Praktica_DCZ5.9_0_33825.JPG -78.851372 4.069186 0.833924
Praktica_DCZ5.9_0_33826.JPG -79.707260 3.277956 -0.146914
Praktica_DCZ5.9_0_33827.JPG -78.599945 3.217660 1.250257
Praktica_DCZ5.9_0_33828.JPG -78.347443 2.907694 -0.102556
Praktica_DCZ5.9_0_33829.JPG -78.623886 3.513204 -0.335435
Praktica_DCZ5.9_0_33830.JPG -79.000755 2.552016 1.682471
Praktica_DCZ5.9_0_33831.JPG -79.899857 2.230162 1.432217
Praktica_DCZ5.9_0_33832.JPG -79.601952 2.528606 -0.005133
Praktica_DCZ5.9_0_33833.JPG -81.383736 5.747339 3.310698
Praktica_DCZ5.9_0_33834.JPG -81.416077 5.784739 3.355210
Praktica_DCZ5.9_0_33835.JPG -78.527275 4.199963 1.185179
Praktica_DCZ5.9_0_33836.JPG -78.114304 3.637629 0.988215
Praktica_DCZ5.9_0_33837.JPG -79.965904 2.301331 0.904829
Praktica_DCZ5.9_0_33838.JPG -79.224434 2.364028 0.911488
Praktica_DCZ5.9_0_33839.JPG -80.261543 3.106008 -0.870724
Praktica_DCZ5.9_0_33840.JPG -80.034668 4.660445 1.302008
Praktica_DCZ5.9_0_33841.JPG -79.462639 3.759892 2.012995
Praktica_DCZ5.9_0_33842.JPG -79.231384 3.429022 2.200288
Praktica_DCZ5.9_0_33843.JPG -78.354378 2.899158 1.106375
Praktica_DCZ5.9_0_33844.JPG -80.325508 2.945233 -1.018501
Praktica_DCZ5.9_0_33845.JPG -79.798660 4.046772 -0.738241
Praktica_DCZ5.9_0_33846.JPG -78.665443 3.155099 1.491441
Praktica_DCZ5.9_0_33847.JPG -78.665359 4.646718 -0.010967
Praktica_DCZ5.9_0_33848.JPG -80.334953 3.133536 -0.153960
Praktica_DCZ5.9_0_33849.JPG -78.477295 4.632353 1.225791
Praktica_DCZ5.9_0_33850.JPG -78.629456 3.825487 1.655530
Praktica_DCZ5.9_0_33851.JPG -79.579834 3.932234 -0.766203
Praktica_DCZ5.9_0_33852.JPG -78.009003 3.573621 0.507777
Praktica_DCZ5.9_0_33853.JPG -78.579842 4.442284 0.739863
Praktica_DCZ5.9_0_33854.JPG -79.174255 3.587507 -0.495521
Praktica_DCZ5.9_0_33855.JPG -79.475624 4.601975 0.004604
Praktica_DCZ5.9_0_33856.JPG -80.563591 3.251532 1.879926
Praktica_DCZ5.9_0_33857.JPG -79.601372 4.104453 -0.933470
Praktica_DCZ5.9_0_33858.JPG -79.764435 4.366107 -0.589626
Praktica_DCZ5.9_0_33859.JPG -78.185791 3.556055 0.038417
Praktica_DCZ5.9_0_33860.JPG -77.590317 3.851848 -0.156056
Praktica_DCZ5.9_0_33861.JPG -80.373978 3.636158 -0.498213
Praktica_DCZ5.9_0_33862.JPG -79.743752 2.686863 1.727668
Praktica_DCZ5.9_0_33863.JPG -79.739273 3.206089 2.090070
Praktica_DCZ5.9_0_33864.JPG -80.615685 2.408151 0.297559
Praktica_DCZ5.9_0_33865.JPG -80.964355 3.239041 1.826152
Praktica_DCZ5.9_0_33866.JPG -80.908905 4.259435 2.036313
Praktica_DCZ5.9_0_33867.JPG -80.062714 5.013231 0.809159
Praktica_DCZ5.9_0_33868.JPG -80.662880 4.602765 1.113745
Praktica_DCZ5.9_0_33869.JPG -80.635056 3.448559 1.421135
Praktica_DCZ5.9_0_33870.JPG -80.851265 2.902324 0.388025
Praktica_DCZ5.9_0_33871.JPG -80.831711 3.942693 -0.317257
Praktica_DCZ5.9_0_33872.JPG -80.970940 3.781246 -0.340297
Praktica_DCZ5.9_0_33873.JPG -80.797623 3.986514 -0.117323
Praktica_DCZ5.9_0_33874.JPG -80.860092 2.988860 -0.331027
Praktica_DCZ5.9_0_33875.JPG -81.375961 3.760997 0.094933
Praktica_DCZ5.9_0_33876.JPG -79.862846 3.072829 -0.501079
Praktica_DCZ5.9_0_33877.JPG -80.574326 4.917882 0.046056
Praktica_DCZ5.9_0_33878.JPG -80.051559 2.420297 1.654890
Praktica_DCZ5.9_0_33879.JPG -79.198822 5.098823 -0.198051
Praktica_DCZ5.9_0_33880.JPG -79.131142 4.882547 1.875011
Praktica_DCZ5.9_0_33881.JPG -79.886826 4.384395 2.312967
Praktica_DCZ5.9_0_33882.JPG -78.766373 4.759682 1.714891
Praktica_DCZ5.9_0_33883.JPG -94.884590 -18.401407 19.590082
Praktica_DCZ5.9_0_33884.JPG -94.881294 -18.402231 19.590881
Praktica_DCZ5.9_0_33885.JPG -80.347542 5.292310 0.437628
Praktica_DCZ5.9_0_33886.JPG -81.073219 3.294677 1.743814
Praktica_DCZ5.9_0_33887.JPG -80.763931 3.798435 2.439789
Praktica_DCZ5.9_0_33888.JPG -80.068108 4.287391 2.374066
Praktica_DCZ5.9_0_33889.JPG -80.604210 4.542185 2.724872
Praktica_DCZ5.9_0_33890.JPG -80.377243 5.333134 1.480153
Praktica_DCZ5.9_0_33891.JPG -81.162445 2.467229 0.516739
Praktica_DCZ5.9_0_33892.JPG -81.373550 2.297308 0.642769
Praktica_DCZ5.9_0_33893.JPG -81.037743 5.080739 1.135583
Praktica_DCZ5.9_0_33894.JPG -79.856064 3.989326 2.608704
Praktica_DCZ5.9_1_34099.JPG -77.813324 0.192987 -0.560630
Praktica_DCZ5.9_1_34100.JPG -77.409515 0.132192 -0.550442
Praktica_DCZ5.9_1_34101.JPG -78.043343 0.118594 -0.746617
Praktica_DCZ5.9_1_34102.JPG -77.596115 -0.114835 -0.299710
Praktica_DCZ5.9_1_34103.JPG -77.558167 -0.072574 -0.342823
Praktica_DCZ5.9_1_34105.JPG -78.080750 0.258602 -0.694808
Praktica_DCZ5.9_1_34106.JPG -77.656235 -0.078456 -0.332710
Praktica_DCZ5.9_1_34107.JPG -77.521065 -0.096948 -0.191630
Praktica_DCZ5.9_1_34108.JPG -78.394539 1.208147 -0.526668
Praktica_DCZ5.9_1_34109.JPG -77.732162 -0.047644 -0.336324
Praktica_DCZ5.9_1_34110.JPG -77.659615 0.178729 -0.029838
Praktica_DCZ5.9_1_34111.JPG -77.849861 1.298657 -0.143742
Praktica_DCZ5.9_1_34112.JPG -77.221001 0.381255 -0.303187
Praktica_DCZ5.9_1_34113.JPG -77.918243 0.586515 -0.369476
Praktica_DCZ5.9_1_34114.JPG -77.983498 0.494304 -0.754378
Praktica_DCZ5.9_1_34115.JPG -77.446022 -0.180224 -0.128141
Praktica_DCZ5.9_1_34116.JPG -77.480988 -0.069637 -0.153510
Praktica_DCZ5.9_1_34117.JPG -78.015747 0.368626 -0.425800
Praktica_DCZ5.9_1_34118.JPG -77.145126 -0.287377 0.053325
Praktica_DCZ5.9_1_34119.JPG -77.191483 0.206355 0.070468
Praktica_DCZ5.9_1_34120.JPG -77.593834 1.924906 0.475323
Praktica_DCZ5.9_1_34121.JPG -77.364792 -0.098847 -0.217884
Praktica_DCZ5.9_1_34122.JPG -77.909065 0.097568 -0.309439
Praktica_DCZ5.9_1_34123.JPG -78.154488 -0.161252 -0.736743
Praktica_DCZ5.9_1_34124.JPG -77.585442 0.185180 -0.149677
Praktica_DCZ5.9_1_34125.JPG -77.566483 -0.004564 -0.473906
Praktica_DCZ5.9_1_34126.JPG -77.749100 0.791889 -0.951103
Praktica_DCZ5.9_1_34127.JPG -77.746063 -0.405893 -0.370499
Praktica_DCZ5.9_1_34128.JPG -77.467003 -0.051037 -0.053801
Praktica_DCZ5.9_1_34129.JPG -78.160194 0.184769 -0.294261
Praktica_DCZ5.9_1_34130.JPG -78.256424 -0.327571 -0.883619
Praktica_DCZ5.9_1_34131.JPG -77.498825 -0.110732 -0.151335
Praktica_DCZ5.9_1_34132.JPG -77.492256 -0.341568 -0.106384
Praktica_DCZ5.9_1_34133.JPG -77.464905 -0.380359 -0.153163
Praktica_DCZ5.9_1_34134.JPG -80.051392 -1.078980 -1.458360
Praktica_DCZ5.9_1_34135.JPG -80.095352 -1.102727 -1.475722
Praktica_DCZ5.9_1_34136.JPG -77.615540 -0.179593 -0.362333
Praktica_DCZ5.9_1_34137.JPG -77.619080 -0.237606 -0.158758
Praktica_DCZ5.9_1_34138.JPG -78.089615 -0.206945 -0.834988
Praktica_DCZ5.9_1_34139.JPG -77.637947 -0.346406 -0.100016
Praktica_DCZ5.9_1_34140.JPG -77.681923 -0.380442 -0.367222
Praktica_DCZ5.9_1_34141.JPG -78.078323 -0.245075 -0.762839
Praktica_DCZ5.9_1_34142.JPG -76.849464 2.413813 0.455098
Praktica_DCZ5.9_1_34143.JPG -76.862938 2.502372 0.577686
Praktica_DCZ5.9_1_34144.JPG -77.291679 2.014522 0.362625
Praktica_DCZ5.9_1_34145.JPG -77.630150 1.334295 1.006961
Praktica_DCZ5.9_1_34146.JPG -76.384552 1.789696 -0.012503
Praktica_DCZ5.9_1_34147.JPG -76.834175 2.239072 -0.676651
Praktica_DCZ5.9_1_34148.JPG -77.047546 2.494689 -0.269022
Praktica_DCZ5.9_1_34149.JPG -77.834991 1.897964 1.156175
Praktica_DCZ5.9_1_34150.JPG -76.749741 1.768252 -0.300809
Praktica_DCZ5.9_1_34151.JPG -78.093094 1.619135 0.018605
Praktica_DCZ5.9_1_34152.JPG -76.215767 2.071185 -0.285039
Praktica_DCZ5.9_1_34153.JPG -77.034508 2.429879 0.098941
Praktica_DCZ5.9_1_34154.JPG -77.392761 -0.158757 -0.053538
Praktica_DCZ5.9_1_34155.JPG -77.422714 0.246029 0.038384
Praktica_DCZ5.9_1_34156.JPG -78.218964 0.154576 -0.709100
Praktica_DCZ5.9_1_34157.JPG -77.178658 -0.301512 -0.459398
Praktica_DCZ5.9_1_34158.JPG -77.888618 -0.309067 -0.540932
Praktica_DCZ5.9_1_34159.JPG -78.202721 0.062704 -0.858960
Praktica_DCZ5.9_1_34160.JPG -77.878067 -0.442627 -0.106990
Praktica_DCZ5.9_1_34161.JPG -77.294327 -1.043752 0.165396
Praktica_DCZ5.9_1_34162.JPG -78.470284 -0.470870 -1.206223
Praktica_DCZ5.9_1_34163.JPG -78.495560 -0.554971 -1.154922
Praktica_DCZ5.9_1_34164.JPG -77.789894 -0.451019 -0.001947
Praktica_DCZ5.9_1_34165.JPG -77.257362 -1.180909 0.169275
Praktica_DCZ5.9_1_34166.JPG -77.087456 1.259179 0.543721
Praktica_DCZ5.9_1_34167.JPG -77.077644 1.222695 0.632707
Praktica_DCZ5.9_1_34168.JPG -77.923080 0.258064 -0.948320
Praktica_DCZ5.9_1_34169.JPG -77.455544 0.962068 0.058503
Praktica_DCZ5.9_1_34170.JPG -77.639107 1.057860 -0.479308
Praktica_DCZ5.9_1_34171.JPG -77.487480 0.847270 -0.979115
Praktica_DCZ5.9_1_34172.JPG -77.532402 -0.000165 0.217261
Praktica_DCZ5.9_1_34173.JPG -77.868782 -0.168703 0.595446
Praktica_DCZ5.9_1_34174.JPG -78.419029 -0.082922 -0.721749
Praktica_DCZ5.9_1_34175.JPG -77.418648 0.336870 0.715375
Praktica_DCZ5.9_1_34176.JPG -77.064774 -0.779555 -1.258515
Praktica_DCZ5.9_1_34177.JPG -78.632996 -0.574000 -0.924830
Praktica_DCZ5.9_1_34178.JPG -78.768661 1.076691 0.444922
Praktica_DCZ5.9_1_34179.JPG -77.872391 0.781746 -0.107006
Praktica_DCZ5.9_1_34180.JPG -76.921448 0.227108 0.840073
Praktica_DCZ5.9_1_34181.JPG -76.992180 -0.649712 0.502776
Praktica_DCZ5.9_1_34182.JPG -78.164635 0.316100 0.204932
Praktica_DCZ5.9_1_34183.JPG -78.207130 0.686566 -0.741848
Praktica_DCZ5.9_1_34184.JPG -78.104965 -0.791369 -0.771734
Praktica_DCZ5.9_1_34185.JPG -78.015427 -0.600285 -0.322174
Praktica_DCZ5.9_1_34186.JPG -77.292564 -0.799366 -0.652611
Praktica_DCZ5.9_1_34187.JPG -76.843544 -0.636918 -0.312991
Praktica_DCZ5.9_1_34188.JPG -78.396004 -0.257744 0.656561
Praktica_DCZ5.9_1_34189.JPG -80.031906 -3.001001 -2.683937
Praktica_DCZ5.9_1_34190.JPG -76.964165 -0.618746 -0.178142
Praktica_DCZ5.9_1_34191.JPG -78.686829 0.484258 0.410812
Praktica_DCZ5.9_1_34192.JPG -80.052887 -3.034117 -2.707924
Praktica_DCZ5.9_1_34193.JPG -78.704910 -3.194874 1.283440
Praktica_DCZ5.9_1_34194.JPG -78.711037 -3.224725 1.294761
Praktica_DCZ5.9_1_34195.JPG -78.236137 -1.032789 0.184561
Praktica_DCZ5.9_1_34196.JPG -77.678551 -0.392456 1.047643
Praktica_DCZ5.9_1_34197.JPG -79.293335 -0.360522 -0.375724
Praktica_DCZ5.9_1_34198.JPG -79.189026 -0.487602 -0.407798
Praktica_DCZ5.9_1_34199.JPG -77.521080 1.847138 -0.728416
Praktica_DCZ5.9_1_34200.JPG -77.358109 -0.094537 1.369476
Praktica_DCZ5.9_1_34201.JPG -78.864555 -0.221515 -1.913641
Praktica_DCZ5.9_1_34202.JPG -77.922905 -0.212956 0.951007
Praktica_DCZ5.9_1_34203.JPG -77.405891 -0.178546 1.488193
Praktica_DCZ5.9_1_34204.JPG -79.011063 -0.271179 -1.941324
Praktica_DCZ5.9_1_34205.JPG -76.735893 2.751816 1.028312
Praktica_DCZ5.9_1_34206.JPG -76.354271 2.355578 0.054148
Praktica_DCZ5.9_1_34207.JPG -77.537979 3.172447 -1.175692
Praktica_DCZ5.9_1_34208.JPG -78.812515 0.052571 -0.990319
Praktica_DCZ5.9_1_34209.JPG -78.396904 -0.004480 0.531404
Praktica_DCZ5.9_1_34211.JPG -78.715965 0.269036 0.331777
Praktica_DCZ5.9_1_34212.JPG -78.560623 -6.140587 -6.370142
Praktica_DCZ5.9_1_34213.JPG -78.562317 -6.144697 -6.373733
Praktica_DCZ5.9_1_34214.JPG -76.468628 0.957310 1.072155
Praktica_DCZ5.9_1_34215.JPG -78.097450 -0.739383 0.588876
Praktica_DCZ5.9_1_34216.JPG -78.101067 -1.224106 -1.181907
Praktica_DCZ5.9_1_34217.JPG -78.155495 -1.162745 -1.113925
Praktica_DCZ5.9_1_34218.JPG -76.968513 1.826409 -0.726822
Praktica_DCZ5.9_1_34220.JPG -77.979836 1.322184 0.146677
Praktica_DCZ5.9_1_34221.JPG -78.286308 1.141088 1.172877
Praktica_DCZ5.9_1_34222.JPG -78.780937 1.205699 -1.035303
Praktica_DCZ5.9_1_34223.JPG -77.618553 1.289490 0.433199
Praktica_DCZ5.9_1_34224.JPG -77.960381 1.179144 -1.077019
Praktica_DCZ5.9_1_34225.JPG -77.271980 0.368753 -2.946116
Praktica_DCZ5.9_1_34226.JPG -77.283081 0.329731 -2.999408
Praktica_DCZ5.9_1_34227.JPG -77.221184 0.496744 -1.052449
Praktica_DCZ5.9_1_34228.JPG -76.974739 -0.077696 -1.547871
Praktica_DCZ5.9_1_34229.JPG -77.860649 0.417210 -1.496136
Praktica_DCZ5.9_1_34230.JPG -76.525063 -0.364105 -0.680166
Praktica_DCZ5.9_1_34231.JPG -77.092308 0.619778 -0.527098
Praktica_DCZ5.9_1_34232.JPG -76.459763 -0.092828 -0.714682
Praktica_DCZ5.9_1_34233.JPG -77.833488 0.379418 -1.291086
Praktica_DCZ5.9_1_34234.JPG -78.098717 0.665789 -1.923151
Praktica_DCZ5.9_1_34235.JPG -76.385254 0.087184 -0.885930
Praktica_DCZ5.9_1_34236.JPG -76.753624 0.438172 -1.302961
Praktica_DCZ5.9_1_34237.JPG -78.027519 0.749167 -1.624743
Praktica_DCZ5.9_1_34238.JPG -76.407516 1.068742 -0.888834
Praktica_DCZ5.9_1_34239.JPG -76.933189 0.511430 0.302303
Praktica_DCZ5.9_1_34240.JPG -77.272835 1.032131 -1.792743
Praktica_DCZ5.9_1_34241.JPG -76.143883 0.033253 -0.267605
Praktica_DCZ5.9_1_34242.JPG -76.195068 -0.069315 0.544966
Praktica_DCZ5.9_1_34243.JPG -78.190048 -0.876795 -1.473172
Praktica_DCZ5.9_1_34244.JPG -76.514771 1.150320 0.530512
Praktica_DCZ5.9_1_34245.JPG -78.251671 1.626804 -1.153828
Praktica_DCZ5.9_1_34246.JPG -77.067360 1.693235 -2.028111
Praktica_DCZ5.9_1_34247.JPG -76.034897 0.654861 -0.036476
Praktica_DCZ5.9_1_34248.JPG -77.319481 1.846285 -0.653113
Praktica_DCZ5.9_1_34249.JPG -77.693436 1.649569 -0.954405
Praktica_DCZ5.9_1_34250.JPG -76.707703 -1.171809 1.390308
Praktica_DCZ5.9_1_34251.JPG -76.661827 -1.253937 1.477641
Praktica_DCZ5.9_1_34252.JPG -76.235909 -1.596536 -0.207466
Praktica_DCZ5.9_1_34253.JPG -76.142723 -1.701672 -0.155219
Praktica_DCZ5.9_1_34254.JPG -79.192856 -0.765903 0.095143
Praktica_DCZ5.9_1_34255.JPG -79.786804 0.057832 0.174572
Praktica_DCZ5.9_1_34256.JPG -78.870224 -0.933218 -0.361456
Praktica_DCZ5.9_1_34257.JPG -78.432991 -1.180003 0.314671
Praktica_DCZ5.9_1_34258.JPG -83.244186 -6.768491 0.216626
Praktica_DCZ5.9_1_34259.JPG -83.251602 -6.775837 0.217204
Praktica_DCZ5.9_1_34260.JPG -77.320618 -1.736254 -1.493336
Praktica_DCZ5.9_1_34261.JPG -79.778687 -0.986925 0.226887
Praktica_DCZ5.9_1_34262.JPG -77.663956 0.344953 -1.773448
Praktica_DCZ5.9_1_34263.JPG -76.413055 0.751393 -1.525805
Praktica_DCZ5.9_1_34264.JPG -76.711830 0.844658 0.192618
Praktica_DCZ5.9_1_34265.JPG -79.274467 0.184412 -0.326438
Praktica_DCZ5.9_1_34266.JPG -77.383942 1.791448 -1.559061
Praktica_DCZ5.9_1_34267.JPG -76.047813 0.173648 -0.396442
Praktica_DCZ5.9_1_34268.JPG -79.096649 0.641681 -1.356681
Praktica_DCZ5.9_1_34269.JPG -77.739571 1.126743 -2.093803
Praktica_DCZ5.9_1_34270.JPG -77.820869 1.063236 0.901432
Praktica_DCZ5.9_1_34271.JPG -78.755981 0.704992 -1.721885
Praktica_DCZ5.9_1_34272.JPG -76.935165 -0.610517 -1.881457
Praktica_DCZ5.9_1_34273.JPG -76.161850 -0.307323 -0.792651
Praktica_DCZ5.9_1_34274.JPG -77.247345 0.454478 -2.252463
Praktica_DCZ5.9_1_34275.JPG -77.662956 1.398449 -0.690741
Praktica_DCZ5.9_1_34276.JPG -76.382965 1.461009 -0.999806
Praktica_DCZ5.9_1_34277.JPG -77.906853 -0.718015 -2.179228
Praktica_DCZ5.9_1_34278.JPG -76.408752 -1.015633 -1.311342
Praktica_DCZ5.9_1_34279.JPG -76.212875 -0.886572 0.447684
Praktica_DCZ5.9_1_34280.JPG -79.525810 0.161699 -1.316152
Praktica_DCZ5.9_1_34281.JPG -78.030128 -1.779250 -0.544293
Praktica_DCZ5.9_1_34282.JPG -77.431625 -6.829932 -0.596302
Praktica_DCZ5.9_1_34283.JPG -77.431107 -6.843542 -0.597218
Praktica_DCZ5.9_1_34284.JPG -77.652893 -1.582583 0.116625
Praktica_DCZ5.9_1_34285.JPG -78.916977 -1.573695 -1.556976
Praktica_DCZ5.9_1_34286.JPG -78.368256 -0.844747 -2.127072
Praktica_DCZ5.9_1_34287.JPG -78.653770 -0.355247 1.653104
Praktica_DCZ5.9_1_34288.JPG -76.779495 -0.643431 -1.672694
Praktica_DCZ5.9_1_34289.JPG -78.380798 0.391661 -2.561891
Praktica_DCZ5.9_1_34290.JPG -79.189285 0.255270 -2.701729
Praktica_DCZ5.9_1_34291.JPG -74.311943 -17.085598 -14.726102
Praktica_DCZ5.9_1_34292.JPG -74.619392 -17.862904 -15.383487
Praktica_DCZ5.9_1_34293.JPG -74.633865 -17.868635 -15.387348
Praktica_DCZ5.9_1_34294.JPG -76.811020 -1.683867 -1.062468
Praktica_DCZ5.9_1_34295.JPG -79.086075 -0.993775 1.063511
Praktica_DCZ5.9_1_34296.JPG -77.185600 -2.475697 -0.290871
Praktica_DCZ5.9_1_34297.JPG -77.987061 -1.874765 1.262633
Praktica_DCZ5.9_1_34298.JPG -79.155876 -1.941518 -0.331510
Praktica_DCZ5.9_1_34299.JPG -79.214188 -2.022790 -0.292305
Praktica_DCZ5.9_1_34300.JPG -77.955643 -1.699021 1.124460
Praktica_DCZ5.9_1_34301.JPG -77.408745 -2.377808 -0.547065
Praktica_DCZ5.9_2_34511.JPG -73.663864 2.105483 -1.051915
Praktica_DCZ5.9_2_34512.JPG -73.441246 2.730632 -0.606776
Praktica_DCZ5.9_2_34513.JPG -73.077003 1.520987 -1.151408
Praktica_DCZ5.9_2_34514.JPG -72.988022 2.318277 -1.144588
Praktica_DCZ5.9_2_34515.JPG -72.789650 2.498673 -1.220630
Praktica_DCZ5.9_2_34516.JPG -73.429047 1.711993 -0.441935
Praktica_DCZ5.9_2_34517.JPG -72.847359 2.448475 -1.233088
Praktica_DCZ5.9_2_34518.JPG -72.845360 2.414320 -1.258138
Praktica_DCZ5.9_2_34519.JPG -74.391472 1.875819 -0.240469
Praktica_DCZ5.9_2_34520.JPG -73.235092 2.193385 -1.551685
Praktica_DCZ5.9_2_34521.JPG -73.818031 1.357844 -3.604263
Praktica_DCZ5.9_2_34522.JPG -74.506157 1.518342 -1.378798
Praktica_DCZ5.9_2_34523.JPG -74.522430 1.946535 -2.111174
Praktica_DCZ5.9_2_34524.JPG -73.854248 1.304855 -3.727562
Praktica_DCZ5.9_2_34525.JPG -76.170143 3.046147 0.590531
Praktica_DCZ5.9_2_34526.JPG -72.894203 2.306500 -1.216794
Praktica_DCZ5.9_2_34527.JPG -67.355232 2.973320 -7.377917
Praktica_DCZ5.9_2_34528.JPG -73.773605 1.736280 -0.220112
Praktica_DCZ5.9_2_34529.JPG -55.819405 55.062504 -10.740588
Praktica_DCZ5.9_2_34530.JPG -55.819172 55.060616 -10.740201
Praktica_DCZ5.9_2_34531.JPG -67.347939 2.974427 -7.385670
Praktica_DCZ5.9_2_34532.JPG -75.001572 2.497305 -0.374252
Praktica_DCZ5.9_2_34533.JPG -67.259155 1.848620 -1.459974
Praktica_DCZ5.9_2_34534.JPG -67.237717 1.845539 -1.461814
Praktica_DCZ5.9_2_34535.JPG -73.208832 2.186914 -1.404814
Praktica_DCZ5.9_2_34536.JPG -73.197205 1.318269 -1.063112
Praktica_DCZ5.9_2_34537.JPG -73.077919 2.550375 -1.300738
Praktica_DCZ5.9_2_34538.JPG -72.951065 2.562979 -1.018148
Praktica_DCZ5.9_2_34539.JPG -73.497375 1.893346 -0.622952
Praktica_DCZ5.9_2_34540.JPG -72.631828 2.589550 -1.115142
Praktica_DCZ5.9_2_34541.JPG -72.598846 2.588630 -1.503441
Praktica_DCZ5.9_2_34542.JPG -73.331673 1.292174 -0.526607
Praktica_DCZ5.9_2_34543.JPG -73.190109 1.252478 -0.626823
Praktica_DCZ5.9_2_34544.JPG -73.309830 1.195372 -0.482650
Praktica_DCZ5.9_2_34545.JPG -72.898552 2.151025 -1.653198
Praktica_DCZ5.9_2_34546.JPG -72.915070 2.092424 -1.645427
Praktica_DCZ5.9_2_34547.JPG -73.200935 0.483919 -1.519068
Praktica_DCZ5.9_2_34548.JPG -73.149979 0.501480 -1.555774
Praktica_DCZ5.9_2_34549.JPG -72.699615 2.271923 -1.379679
Praktica_DCZ5.9_2_34550.JPG -73.011444 1.352801 -1.301317
Praktica_DCZ5.9_2_34551.JPG -72.718903 2.321056 -1.432059
Praktica_DCZ5.9_2_34552.JPG -72.574409 2.629259 -1.426951
Praktica_DCZ5.9_2_34553.JPG -72.699875 2.392490 -1.441888
Praktica_DCZ5.9_2_34554.JPG -72.586128 1.276439 -1.195376
Praktica_DCZ5.9_2_34555.JPG -75.834366 2.639743 0.791845
Praktica_DCZ5.9_2_34556.JPG -76.275482 3.443174 -0.325115
Praktica_DCZ5.9_2_34557.JPG -76.221260 2.937938 -1.216755
Praktica_DCZ5.9_2_34558.JPG -76.203156 2.753111 -0.861966
Praktica_DCZ5.9_2_34559.JPG -74.987434 1.106608 -1.514831
Praktica_DCZ5.9_2_34560.JPG -75.595016 2.285619 -0.553053
Praktica_DCZ5.9_2_34561.JPG -76.113083 3.429237 -0.397430
Praktica_DCZ5.9_2_34562.JPG -74.970612 3.810451 0.207073
Praktica_DCZ5.9_2_34563.JPG -66.034142 4.965192 2.821152
Praktica_DCZ5.9_2_34564.JPG -75.241821 2.009669 0.169546
Praktica_DCZ5.9_2_34565.JPG -74.618385 1.171398 0.404964
Praktica_DCZ5.9_2_34566.JPG -66.025230 4.967240 2.823810
Praktica_DCZ5.9_2_34567.JPG -76.042770 3.890519 0.185128
Praktica_DCZ5.9_2_34605.JPG -72.989494 2.675775 -0.946192
Praktica_DCZ5.9_2_34606.JPG -73.357498 2.442890 -1.221544
Praktica_DCZ5.9_2_34607.JPG -73.109871 1.193467 -1.039473
Praktica_DCZ5.9_2_34608.JPG -72.536919 2.288234 -1.833358
Praktica_DCZ5.9_2_34609.JPG -73.284164 2.538347 -1.627527
Praktica_DCZ5.9_2_34610.JPG -72.985725 1.097580 -0.870984
Praktica_DCZ5.9_2_34611.JPG -72.230049 2.792606 -1.474633
Praktica_DCZ5.9_2_34612.JPG -72.270287 2.215943 -1.097930
Praktica_DCZ5.9_2_34613.JPG -73.518555 1.215368 -0.741682
Praktica_DCZ5.9_2_34614.JPG -72.761520 0.960023 -1.476547
Praktica_DCZ5.9_2_34615.JPG -72.198074 2.240170 -1.105217
Praktica_DCZ5.9_2_34616.JPG -72.216705 2.814085 -1.357561
Praktica_DCZ5.9_2_34617.JPG -74.556541 3.253548 -2.817258
Praktica_DCZ5.9_2_34618.JPG -74.603523 3.309795 -2.890353
Praktica_DCZ5.9_2_34619.JPG -74.589340 3.117856 -2.561569
Praktica_DCZ5.9_2_34620.JPG -73.414421 1.582386 -0.909131
Praktica_DCZ5.9_2_34621.JPG -74.309853 2.091854 -0.992979
Praktica_DCZ5.9_2_34622.JPG -74.080872 2.622016 -1.863458
Praktica_DCZ5.9_2_34623.JPG -74.679459 1.332092 -1.100141
Praktica_DCZ5.9_2_34625.JPG -72.240044 2.654538 -1.121716
Praktica_DCZ5.9_2_34626.JPG -73.095268 2.351775 -0.403317
Praktica_DCZ5.9_2_34627.JPG -72.525772 1.257003 -1.640393
Praktica_DCZ5.9_2_34628.JPG -73.103584 3.134653 -0.936443
Praktica_DCZ5.9_2_34629.JPG -72.601036 3.062143 -0.247012
Praktica_DCZ5.9_2_34630.JPG -72.731934 1.035461 -1.102210
Praktica_DCZ5.9_2_34631.JPG -74.193840 1.386915 0.373702
Praktica_DCZ5.9_2_34632.JPG -74.212555 3.129698 -0.555963
Praktica_DCZ5.9_2_34633.JPG -74.616241 2.818765 -1.113618
Praktica_DCZ5.9_2_34634.JPG -68.673553 4.820009 -2.868085
Praktica_DCZ5.9_2_34635.JPG -68.650391 4.832748 -2.876478
Praktica_DCZ5.9_2_34636.JPG -70.918198 4.259197 -3.703704
Praktica_DCZ5.9_2_34637.JPG -70.889320 4.294903 -3.745179
Praktica_DCZ5.9_2_34638.JPG -71.556534 0.665852 -1.633117
Praktica_DCZ5.9_2_34639.JPG -71.453209 0.612141 -1.641280
Praktica_DCZ5.9_2_34640.JPG -71.816223 1.931205 -0.648461
Praktica_DCZ5.9_2_34641.JPG -72.215942 2.971193 -0.493252
Praktica_DCZ5.9_2_34642.JPG -71.336166 0.933583 -0.224965
Praktica_DCZ5.9_2_34643.JPG -71.226021 0.903088 -0.224646
Praktica_DCZ5.9_2_34644.JPG -73.050491 2.894322 -2.180263
Praktica_DCZ5.9_2_34645.JPG -72.378532 2.447140 -2.330425
Praktica_DCZ5.9_2_34646.JPG -72.583458 2.766667 -5.273186
Praktica_DCZ5.9_2_34647.JPG -74.065331 2.557763 -3.202682
Praktica_DCZ5.9_2_34648.JPG -69.839211 -2.431432 -1.187863
Praktica_DCZ5.9_2_34649.JPG -72.571609 2.765481 -5.298563
Praktica_DCZ5.9_2_34650.JPG -73.997627 2.586096 -3.204892
Praktica_DCZ5.9_2_34651.JPG -69.748741 -2.523522 -1.214550
Praktica_DCZ5.9_2_34652.JPG -69.713638 -2.560021 -1.225512
Praktica_DCZ5.9_2_34653.JPG -71.136620 3.550969 -1.519967
Praktica_DCZ5.9_2_34654.JPG -71.055504 3.540461 -1.550267
Praktica_DCZ5.9_2_34655.JPG -72.400665 3.772418 -2.514838
Praktica_DCZ5.9_2_34656.JPG -72.530708 3.363911 -2.418104
Praktica_DCZ5.9_2_34657.JPG -74.871643 1.612186 0.538305
Praktica_DCZ5.9_2_34658.JPG -72.475266 1.052209 -2.107810
Praktica_DCZ5.9_2_34659.JPG -76.242249 2.810402 -2.233898
Praktica_DCZ5.9_2_34660.JPG -77.049248 3.661706 -1.463228
Praktica_DCZ5.9_2_34661.JPG -73.650093 -0.912919 -0.411517
Praktica_DCZ5.9_2_34662.JPG -73.570473 -0.917936 -0.455745
Praktica_DCZ5.9_2_34663.JPG -72.204933 2.026090 -0.331935
Praktica_DCZ5.9_2_34664.JPG -72.034325 2.209782 -0.039689
Praktica_DCZ5.9_2_34665.JPG -69.762573 2.974955 0.632635
Praktica_DCZ5.9_2_34666.JPG -69.741074 2.979592 0.634920
Praktica_DCZ5.9_2_34667.JPG -71.149002 1.945037 0.393707
Praktica_DCZ5.9_2_34668.JPG -71.139915 1.939169 0.335152
Praktica_DCZ5.9_2_34669.JPG -75.402725 1.845055 -1.789764
Praktica_DCZ5.9_2_34670.JPG -72.441071 0.802715 -1.765702
Praktica_DCZ5.9_2_34671.JPG -75.153847 2.995102 -0.679074
Praktica_DCZ5.9_2_34672.JPG -75.097359 2.480733 -2.549767
Praktica_DCZ5.9_2_34673.JPG -74.529892 1.963891 1.010225
Praktica_DCZ5.9_2_34674.JPG -74.179741 1.554603 -0.346932
Praktica_DCZ5.9_2_34675.JPG -74.314644 2.355491 -1.580287
Praktica_DCZ5.9_2_34676.JPG -72.686501 2.323373 0.233500
Praktica_DCZ5.9_2_34677.JPG -72.291405 0.597253 1.566743
Praktica_DCZ5.9_2_34678.JPG -72.257301 0.577181 1.585615
Praktica_DCZ5.9_2_34679.JPG -72.987495 3.322652 -0.175038
Praktica_DCZ5.9_2_34680.JPG -73.780571 3.164347 -0.409591
Praktica_DCZ5.9_2_34681.JPG -73.792435 0.589302 -0.661239
Praktica_DCZ5.9_2_34682.JPG -73.752357 3.335345 -0.774894
Praktica_DCZ5.9_2_34683.JPG -72.888298 4.009334 -1.574267
Praktica_DCZ5.9_2_34684.JPG -73.773956 0.475917 -0.124872
Praktica_DCZ5.9_2_34685.JPG -71.323853 -1.129890 -6.805480
Praktica_DCZ5.9_2_34686.JPG -71.317558 -1.137997 -6.819813
Praktica_DCZ5.9_2_34687.JPG -73.762573 2.600709 0.026468
Praktica_DCZ5.9_2_34688.JPG -73.483521 2.365205 0.360744
Praktica_DCZ5.9_2_34689.JPG -73.147369 1.052155 0.386183
Praktica_DCZ5.9_2_34690.JPG -72.905182 1.226123 0.567052
Praktica_DCZ5.9_2_34691.JPG -72.518593 3.436518 0.448723
Praktica_DCZ5.9_2_34692.JPG -71.855171 3.243898 -0.018274
Praktica_DCZ5.9_2_34693.JPG -73.230789 2.772214 0.432498
Praktica_DCZ5.9_2_34694.JPG -74.377258 2.201941 -2.061280
Praktica_DCZ5.9_2_34695.JPG -73.540794 1.407287 -1.894929
Praktica_DCZ5.9_2_34696.JPG -72.930733 4.046080 -0.657300
Praktica_DCZ5.9_2_34697.JPG -75.503143 3.452207 -1.167918
Praktica_DCZ5.9_2_34698.JPG -73.267761 -0.082037 0.847426
Praktica_DCZ5.9_2_34699.JPG -73.452187 4.522992 -0.881900
Praktica_DCZ5.9_2_34700.JPG -73.611931 4.406628 -0.645981
Praktica_DCZ5.9_2_34701.JPG -74.183617 0.188403 -1.191880
Praktica_DCZ5.9_2_34702.JPG -72.982841 2.023865 -3.389861
Praktica_DCZ5.9_2_34703.JPG -72.277550 2.148439 0.873119
Praktica_DCZ5.9_2_34704.JPG -73.971588 0.698533 -2.252656
Praktica_DCZ5.9_2_34705.JPG -72.878296 2.234542 1.618598
Praktica_DCZ5.9_2_34706.JPG -74.843010 1.717471 -3.522307
Praktica_DCZ5.9_2_34707.JPG -74.592468 0.409530 -2.640320
Praktica_DCZ5.9_2_34708.JPG -71.919991 -0.336674 -2.552876
Praktica_DCZ5.9_2_34709.JPG -72.882446 3.284530 -1.779621
Praktica_DCZ5.9_2_34710.JPG -71.632248 3.232930 -1.056056
Praktica_DCZ5.9_2_34711.JPG -74.275421 3.662116 0.067973
Praktica_DCZ5.9_2_34712.JPG -74.787117 3.432310 -0.953429
Praktica_DCZ5.9_2_34713.JPG -71.896347 -0.430014 -2.633194
Praktica_DCZ5.9_2_34714.JPG -71.826591 -0.497283 -2.674335
Praktica_DCZ5.9_2_34715.JPG -72.403969 0.918080 0.084857
Praktica_DCZ5.9_2_34716.JPG -72.018211 3.870487 0.818242
Praktica_DCZ5.9_2_34717.JPG -74.498711 3.084780 0.335137
Praktica_DCZ5.9_2_34718.JPG -73.732841 1.239110 -2.003199
Praktica_DCZ5.9_2_34719.JPG -74.012794 3.417388 -1.759714
Praktica_DCZ5.9_2_34720.JPG -72.867226 3.617049 0.383364
Praktica_DCZ5.9_2_34721.JPG -72.679192 0.469691 0.107441
Praktica_DCZ5.9_2_34722.JPG -72.650948 2.475030 0.860121
Praktica_DCZ5.9_2_34723.JPG -74.387260 3.571727 -1.611039
Praktica_DCZ5.9_2_34724.JPG -73.683403 -0.166466 -0.805775
Praktica_DCZ5.9_2_34725.JPG -73.070625 3.874373 -1.456127
Praktica_DCZ5.9_2_34726.JPG -72.166367 4.051137 -0.282112
Praktica_DCZ5.9_2_34727.JPG -73.957924 0.362589 0.394534
Praktica_DCZ5.9_2_34728.JPG -75.363838 3.610234 -2.213356
Praktica_DCZ5.9_2_34729.JPG -74.811996 4.379833 -1.431214
Praktica_DCZ5.9_2_34730.JPG -72.652840 0.119999 -0.333714
Praktica_DCZ5.9_2_34731.JPG -71.245804 2.882937 -0.395568
Praktica_DCZ5.9_2_34732.JPG -71.750366 3.831602 -0.800050
Praktica_DCZ5.9_2_34733.JPG -72.373932 -0.128172 -1.100246
Praktica_DCZ5.9_2_34734.JPG -72.211311 1.888499 -2.468480
Praktica_DCZ5.9_2_34735.JPG -71.453522 2.196188 -3.094520
Praktica_DCZ5.9_2_34736.JPG -71.402130 2.178678 -3.170993
Praktica_DCZ5.9_2_34737.JPG -71.858559 2.929044 -2.350492
Praktica_DCZ5.9_2_34738.JPG -72.113594 0.214139 -1.079774
Praktica_DCZ5.9_2_34739.JPG -73.159744 -0.197253 -1.804092
Praktica_DCZ5.9_2_34740.JPG -73.522293 4.210185 -2.503246
Praktica_DCZ5.9_2_34741.JPG -72.174011 4.350014 -1.331793
Praktica_DCZ5.9_2_34742.JPG -71.738541 -0.174623 0.303473
Praktica_DCZ5.9_2_34743.JPG -71.642357 -0.263690 0.337589
Praktica_DCZ5.9_2_34744.JPG -69.626587 1.209758 -4.137056
Praktica_DCZ5.9_2_34745.JPG -69.604034 1.205194 -4.157794
Praktica_DCZ5.9_2_34746.JPG -70.997887 2.206156 -1.039523
Praktica_DCZ5.9_2_34747.JPG -70.845375 1.929405 -1.224797
Praktica_DCZ5.9_2_34748.JPG -70.320518 2.962711 -1.810996
Praktica_DCZ5.9_2_34749.JPG -72.798813 3.178153 -3.201661
Praktica_DCZ5.9_2_34750.JPG -72.788193 0.778814 -2.935572
Praktica_DCZ5.9_2_34751.JPG -72.665199 0.461371 -3.018901
Praktica_DCZ5.9_2_34752.JPG -70.765923 1.661929 -1.683705
Praktica_DCZ5.9_2_34753.JPG -70.259956 3.019360 -1.867961
Praktica_DCZ5.9_3_35002.JPG -76.346771 2.452632 3.639334
Praktica_DCZ5.9_3_35003.JPG -75.587608 3.038062 3.677052
Praktica_DCZ5.9_3_35004.JPG -76.556915 2.048925 4.318552
Praktica_DCZ5.9_3_35005.JPG -75.230164 2.380676 3.866466
Praktica_DCZ5.9_3_35006.JPG -75.618370 2.359080 4.024610
Praktica_DCZ5.9_3_35007.JPG -75.591087 2.151460 3.839362
Praktica_DCZ5.9_3_35008.JPG -75.567688 2.249261 4.080308
Praktica_DCZ5.9_3_35009.JPG -76.481010 2.163707 4.404170
Praktica_DCZ5.9_3_35010.JPG -76.743958 1.774223 3.943221
Praktica_DCZ5.9_3_35011.JPG -75.602112 2.322023 4.055710
Praktica_DCZ5.9_3_35012.JPG -75.967056 2.638469 3.732227
Praktica_DCZ5.9_3_35013.JPG -75.196396 3.766847 3.865091
Praktica_DCZ5.9_3_35014.JPG -68.915855 3.396822 8.148854
Praktica_DCZ5.9_3_35015.JPG -78.672112 -1.072389 5.079771
Praktica_DCZ5.9_3_35016.JPG -75.186424 3.839329 3.864746
Praktica_DCZ5.9_3_35017.JPG -68.906708 3.397460 8.155521
Praktica_DCZ5.9_3_35018.JPG -78.699013 -1.119093 5.111946
Praktica_DCZ5.9_3_35019.JPG -74.694611 2.559452 3.193367
Praktica_DCZ5.9_3_35020.JPG -75.170609 2.673492 3.118022
Praktica_DCZ5.9_3_35021.JPG -77.183922 1.934338 2.473758
Praktica_DCZ5.9_3_35022.JPG -74.658836 2.501278 3.212756
Praktica_DCZ5.9_3_35023.JPG -75.211113 2.887220 2.783980
Praktica_DCZ5.9_3_35024.JPG -75.986832 3.538803 1.011438
Praktica_DCZ5.9_3_35025.JPG -76.095009 3.108013 4.054195
Praktica_DCZ5.9_3_35026.JPG -75.852783 2.868101 4.411304
Praktica_DCZ5.9_3_35027.JPG -76.569435 1.995684 4.523077
Praktica_DCZ5.9_3_35028.JPG -75.781525 2.237800 3.801072
Praktica_DCZ5.9_3_35029.JPG -75.128929 2.573385 3.726342
Praktica_DCZ5.9_3_35030.JPG -76.306602 2.186019 2.733483
Praktica_DCZ5.9_3_35031.JPG -75.776108 1.623182 4.255023
Praktica_DCZ5.9_3_35032.JPG -75.385017 1.965842 3.667102
Praktica_DCZ5.9_3_35033.JPG -77.464989 1.632027 5.087679
Praktica_DCZ5.9_3_35034.JPG -77.472855 1.601916 5.128969
Praktica_DCZ5.9_3_35035.JPG -75.370964 3.049518 4.807815
Praktica_DCZ5.9_3_35036.JPG -75.620071 3.223573 4.376792
Praktica_DCZ5.9_3_35037.JPG -77.147064 3.186193 4.452590
Praktica_DCZ5.9_3_35038.JPG -76.683990 2.288673 4.875622
Praktica_DCZ5.9_3_35039.JPG -73.327728 4.507386 2.204216
Praktica_DCZ5.9_3_35040.JPG -83.801659 -4.242181 10.979220
Praktica_DCZ5.9_3_35041.JPG -76.129700 2.703521 1.507458
Praktica_DCZ5.9_3_35042.JPG -76.452454 2.057232 2.066962
Praktica_DCZ5.9_3_35043.JPG -74.706345 3.607610 1.858026
Praktica_DCZ5.9_3_35044.JPG -83.804245 -4.244205 10.981764
Praktica_DCZ5.9_3_35045.JPG -75.981209 2.801779 0.928541
Praktica_DCZ5.9_3_35046.JPG -77.282516 -4.558977 6.253646
Praktica_DCZ5.9_3_35047.JPG -76.338303 3.667638 1.271254
Praktica_DCZ5.9_3_35048.JPG -76.391373 3.000153 1.718645
Praktica_DCZ5.9_3_35049.JPG -77.283997 -4.570185 6.262183
Praktica_DCZ5.9_3_35050.JPG -76.812836 4.076802 1.849949
Praktica_DCZ5.9_3_35051.JPG -75.320557 2.634661 4.593167
Praktica_DCZ5.9_3_35052.JPG -75.650238 3.646596 3.738767
Praktica_DCZ5.9_3_35053.JPG -77.099487 1.593554 4.116296
Praktica_DCZ5.9_3_35054.JPG -75.234726 2.324035 4.414519
Praktica_DCZ5.9_3_35055.JPG -75.006317 2.129572 4.044719
Praktica_DCZ5.9_3_35056.JPG -79.920868 2.443534 3.523073
Praktica_DCZ5.9_3_35057.JPG -74.030670 1.782537 6.029280
Praktica_DCZ5.9_3_35058.JPG -75.395126 1.610260 3.770781
Praktica_DCZ5.9_3_35059.JPG -78.262154 2.184162 3.708721
Praktica_DCZ5.9_3_35060.JPG -76.712791 1.889928 4.985574
Praktica_DCZ5.9_3_35061.JPG -75.554848 2.473780 4.711128
Praktica_DCZ5.9_3_35062.JPG -74.021637 1.774355 6.048843
Praktica_DCZ5.9_3_35063.JPG -75.912193 3.875082 2.809743
Praktica_DCZ5.9_3_35064.JPG -75.967094 3.818313 2.895950
Praktica_DCZ5.9_3_35065.JPG -76.840561 2.206333 3.898656
Praktica_DCZ5.9_3_35066.JPG -75.438980 4.076082 2.970953
Praktica_DCZ5.9_3_35067.JPG -75.340042 4.116470 2.737415
Praktica_DCZ5.9_3_35068.JPG -75.063065 1.717492 2.870231
Praktica_DCZ5.9_3_35069.JPG -75.277382 2.237650 2.634869
Praktica_DCZ5.9_3_35070.JPG -76.944008 1.435627 2.889419
Praktica_DCZ5.9_3_35071.JPG -74.752380 1.863240 4.358467
Praktica_DCZ5.9_3_35072.JPG -76.057060 3.690966 4.610456
Praktica_DCZ5.9_3_35073.JPG -76.692520 2.171161 4.975485
Praktica_DCZ5.9_3_35074.JPG -75.253517 3.286253 5.067214
Praktica_DCZ5.9_3_35075.JPG -76.253708 3.515461 4.958338
Praktica_DCZ5.9_3_35076.JPG -76.658104 2.870723 5.088246
Praktica_DCZ5.9_3_35077.JPG -77.436150 2.538741 2.529442
Praktica_DCZ5.9_3_35078.JPG -76.537857 3.911402 3.233465
Praktica_DCZ5.9_3_35079.JPG -76.315231 2.931559 2.956351
Praktica_DCZ5.9_3_35080.JPG -75.114494 0.878184 2.799104
Praktica_DCZ5.9_3_35081.JPG -74.786415 1.859587 2.796892
Praktica_DCZ5.9_3_35082.JPG -76.198601 1.131303 3.429153
Praktica_DCZ5.9_3_35083.JPG -76.774071 1.374870 3.921541
Praktica_DCZ5.9_3_35084.JPG -75.213593 1.753758 4.973185
Praktica_DCZ5.9_3_35085.JPG -75.215424 2.162167 4.987714
Praktica_DCZ5.9_3_35086.JPG -66.047798 21.364546 19.012627
Praktica_DCZ5.9_3_35087.JPG -66.043869 21.365610 19.013933
Praktica_DCZ5.9_3_35088.JPG -76.118500 5.030126 5.470679
Praktica_DCZ5.9_3_35089.JPG -76.144447 5.090896 5.512742
Praktica_DCZ5.9_3_35090.JPG -77.306900 2.807578 5.010076
Praktica_DCZ5.9_3_35091.JPG -77.300987 3.010324 4.815693
Praktica_DCZ5.9_3_35092.JPG -53.377052 0.783301 13.060727
Praktica_DCZ5.9_3_35093.JPG -53.376904 0.783227 13.061121
Praktica_DCZ5.9_3_35094.JPG -70.693916 -3.441236 6.889585
Praktica_DCZ5.9_3_35095.JPG -70.689171 -3.446088 6.893887
Praktica_DCZ5.9_3_35096.JPG -78.514023 2.735881 3.862661
Praktica_DCZ5.9_3_35097.JPG -76.828110 3.103047 5.355541
Praktica_DCZ5.9_3_35098.JPG -72.998581 3.087846 7.905513
Praktica_DCZ5.9_3_35099.JPG -72.987679 3.089253 7.919181
Praktica_DCZ5.9_3_35100.JPG -73.498138 2.797552 5.437512
Praktica_DCZ5.9_3_35101.JPG -73.396675 2.790672 5.507321
Praktica_DCZ5.9_3_35102.JPG -77.543037 3.621776 5.483710
Praktica_DCZ5.9_3_35103.JPG -77.442451 3.470491 5.497347
Praktica_DCZ5.9_3_35104.JPG -74.535049 2.774815 3.978522
Praktica_DCZ5.9_3_35105.JPG -74.864738 1.087096 3.309572
Praktica_DCZ5.9_3_35106.JPG -76.750893 2.883081 3.912906
Praktica_DCZ5.9_3_35107.JPG -78.323723 1.384021 2.548751
Praktica_DCZ5.9_3_35108.JPG -75.595421 2.724894 1.519469
Praktica_DCZ5.9_3_35109.JPG -76.551323 4.000369 1.033365
Praktica_DCZ5.9_3_35110.JPG -61.744667 -13.849737 9.206474
Praktica_DCZ5.9_3_35111.JPG -61.744915 -13.850251 9.206795
Praktica_DCZ5.9_3_35112.JPG -74.253143 1.881355 2.023669
Praktica_DCZ5.9_3_35113.JPG -75.969910 4.338121 4.173936
Praktica_DCZ5.9_3_35114.JPG -77.201416 3.704382 2.853581
Praktica_DCZ5.9_3_35115.JPG -76.383720 2.337960 5.034153
Praktica_DCZ5.9_3_35116.JPG -76.642662 3.525991 2.234729
Praktica_DCZ5.9_3_35117.JPG -78.820770 0.201052 3.165431
Praktica_DCZ5.9_3_35118.JPG -49.695992 35.439976 48.191635
Praktica_DCZ5.9_3_35119.JPG -49.698452 35.437531 48.193840
Praktica_DCZ5.9_3_35120.JPG -75.981194 0.484090 2.526754
Praktica_DCZ5.9_3_35121.JPG -77.710106 2.511072 3.001212
Praktica_DCZ5.9_3_35122.JPG -79.304047 0.657594 4.469324
Praktica_DCZ5.9_3_35123.JPG -79.334778 0.634518 4.507415
Praktica_DCZ5.9_3_35124.JPG -74.488617 3.400403 4.866215
Praktica_DCZ5.9_3_35125.JPG -74.835747 4.150118 4.384392
Praktica_DCZ5.9_3_35126.JPG -76.951561 2.028349 3.598680
Praktica_DCZ5.9_3_35127.JPG -74.308907 3.276769 3.098987
Praktica_DCZ5.9_3_35128.JPG -74.166779 2.421021 3.785949
Praktica_DCZ5.9_3_35129.JPG -77.468910 0.212612 4.699554
Praktica_DCZ5.9_3_35130.JPG -77.400803 0.701989 3.500494
Praktica_DCZ5.9_3_35131.JPG -77.318413 0.458886 3.392338
Praktica_DCZ5.9_3_35132.JPG -73.775208 0.517331 3.719974
Praktica_DCZ5.9_3_35133.JPG -74.505798 0.618989 3.454934
Praktica_DCZ5.9_3_35134.JPG -74.607658 1.244280 4.722678
Praktica_DCZ5.9_3_35135.JPG -73.201859 2.561010 4.301535
Praktica_DCZ5.9_3_35136.JPG -76.470963 1.940103 5.672377
Praktica_DCZ5.9_3_35137.JPG -73.364433 3.256058 3.626832
Praktica_DCZ5.9_3_35138.JPG -73.881363 0.957312 3.900873
Praktica_DCZ5.9_3_35139.JPG -76.598709 -0.130396 3.124151
Praktica_DCZ5.9_3_35140.JPG -74.995750 0.140666 4.072281
Praktica_DCZ5.9_3_35141.JPG -74.892174 -0.682158 3.505989
Praktica_DCZ5.9_3_35142.JPG -76.057480 0.851984 2.086019
Praktica_DCZ5.9_3_35143.JPG -78.728989 4.387308 6.571254
Praktica_DCZ5.9_3_35144.JPG -75.436905 0.427337 3.267039
Praktica_DCZ5.9_3_35145.JPG -77.898849 2.693925 5.369254
Praktica_DCZ5.9_3_35146.JPG -78.444260 3.515134 4.790792
Praktica_DCZ5.9_3_35147.JPG -77.324951 4.528259 4.268075
Praktica_DCZ5.9_3_35148.JPG -73.008781 1.318689 3.458395
Praktica_DCZ5.9_3_35149.JPG -78.773155 4.414556 6.623928
Praktica_DCZ5.9_3_35150.JPG -73.499519 3.553155 4.230565
Praktica_DCZ5.9_3_35151.JPG -74.091179 3.219620 4.757265
Praktica_DCZ5.9_3_35152.JPG -77.381783 2.040233 6.160563
Praktica_DCZ5.9_3_35153.JPG -77.515549 2.048395 6.368630
Praktica_DCZ5.9_3_35154.JPG -74.525070 3.916330 3.175932
Praktica_DCZ5.9_3_35155.JPG -73.897026 4.251721 3.719114
Praktica_DCZ5.9_3_35156.JPG -77.337822 0.601552 3.663913
Praktica_DCZ5.9_3_35157.JPG -74.859955 4.775341 4.961595
Praktica_DCZ5.9_3_35158.JPG -77.116631 4.141881 3.568207
Praktica_DCZ5.9_3_35159.JPG -77.681953 1.436265 5.368996
Praktica_DCZ5.9_3_35160.JPG -73.312889 2.996711 2.955731
Praktica_DCZ5.9_3_35161.JPG -73.992783 0.080075 2.896736
Praktica_DCZ5.9_3_35162.JPG -77.777092 2.337277 4.013489
Praktica_DCZ5.9_3_35163.JPG -74.151405 4.791794 4.913526
Praktica_DCZ5.9_3_35164.JPG -74.940773 0.632351 2.362993
Praktica_DCZ5.9_3_35165.JPG -77.046967 0.554707 4.289900
Praktica_DCZ5.9_3_35167.JPG -75.753517 0.492719 4.170901
Praktica_DCZ5.9_3_35168.JPG -74.742424 1.187450 5.227324
Praktica_DCZ5.9_3_35169.JPG -77.547874 -0.616145 3.541901
Praktica_DCZ5.9_3_35170.JPG -77.943962 5.136712 4.092141
Praktica_DCZ5.9_3_35171.JPG -78.616714 1.167650 3.286690
Praktica_DCZ5.9_3_35172.JPG -75.747215 -0.981626 2.852973
Praktica_DCZ5.9_3_35173.JPG -77.350082 0.890210 5.686577
Praktica_DCZ5.9_3_35174.JPG -75.511490 3.959368 5.446786
Praktica_DCZ5.9_3_35175.JPG -73.679466 1.975939 3.799630
Praktica_DCZ5.9_3_35176.JPG -77.947342 1.592352 4.292869
Praktica_DCZ5.9_3_35177.JPG -74.986549 2.990453 5.502450
Praktica_DCZ5.9_3_35178.JPG -74.567215 6.593859 13.765224
Praktica_DCZ5.9_3_35179.JPG -74.566360 6.595508 13.770218
Praktica_DCZ5.9_3_35180.JPG -74.662827 2.678366 5.863375
Praktica_DCZ5.9_3_35181.JPG -76.381584 2.378387 5.848583
Praktica_DCZ5.9_3_35182.JPG -76.961700 1.140530 5.027510
Praktica_DCZ5.9_3_35183.JPG -74.343864 -0.010217 5.015417
Praktica_DCZ5.9_3_35184.JPG -75.678719 2.772306 31.285952
Praktica_DCZ5.9_3_35185.JPG -75.674858 2.772267 31.286802
Praktica_DCZ5.9_3_35186.JPG -73.767227 1.804736 4.741766
Praktica_DCZ5.9_3_35187.JPG -74.252022 -0.094050 5.055257
Praktica_DCZ5.9_3_35188.JPG -75.830215 -0.535371 4.615746
Praktica_DCZ5.9_3_35189.JPG -78.663322 2.322135 5.487541
Praktica_DCZ5.9_3_35190.JPG -75.386406 0.589756 6.139594
Praktica_DCZ5.9_3_35191.JPG -75.544952 2.063349 6.634151
Praktica_DCZ5.9_3_35192.JPG -75.987183 0.562718 5.470905
Praktica_DCZ5.9_3_35193.JPG -76.126457 1.451774 6.452095
Praktica_DCZ5.9_3_35194.JPG -76.801628 0.564621 5.256532
Praktica_DCZ5.9_3_35195.JPG -76.455566 1.140908 6.178680
Praktica_DCZ5.9_3_35196.JPG -73.651138 26.718782 -40.806198
Praktica_DCZ5.9_3_35197.JPG -73.645287 26.720295 -40.809216
Praktica_DCZ5.9_3_35198.JPG -72.988358 -3.930030 14.010279
Praktica_DCZ5.9_3_35199.JPG -72.986694 -3.935377 14.019341
Praktica_DCZ5.9_3_35200.JPG -72.977676 -3.947953 14.039393
Praktica_DCZ5.9_3_35201.JPG -75.109779 3.839439 6.233054
Praktica_DCZ5.9_3_35202.JPG -75.708481 4.252464 6.518680
Praktica_DCZ5.9_3_35203.JPG -75.830452 1.128632 9.811263
Praktica_DCZ5.9_3_35204.JPG -75.281738 0.330084 4.775409
Praktica_DCZ5.9_3_35205.JPG -76.737358 2.820849 6.748745
Praktica_DCZ5.9_3_35206.JPG -77.031769 3.258713 6.480266
Praktica_DCZ5.9_3_35207.JPG -74.231750 3.654434 6.009835
Praktica_DCZ5.9_3_35208.JPG -75.829498 1.124964 9.825335
Praktica_DCZ5.9_4_35425.JPG -76.274452 7.937730 -0.144748
Praktica_DCZ5.9_4_35426.JPG -77.139061 7.551126 0.361568
Praktica_DCZ5.9_4_35427.JPG -75.291679 8.221731 -0.381651
Praktica_DCZ5.9_4_35428.JPG -76.023483 8.391553 0.750485
Praktica_DCZ5.9_4_35429.JPG -76.127129 8.138676 1.125854
Praktica_DCZ5.9_4_35430.JPG -74.598122 6.180923 0.485563
Praktica_DCZ5.9_4_35431.JPG -76.160141 8.245709 0.994238
Praktica_DCZ5.9_4_35432.JPG -75.879059 8.270329 1.081484
Praktica_DCZ5.9_4_35433.JPG -75.019310 6.483650 -0.157727
Praktica_DCZ5.9_4_35434.JPG -75.900703 7.276779 1.026641
Praktica_DCZ5.9_4_35435.JPG -75.627983 8.234009 1.024294
Praktica_DCZ5.9_4_35436.JPG -74.613792 6.501406 0.214078
Praktica_DCZ5.9_4_35437.JPG -75.882790 6.496072 1.159025
Praktica_DCZ5.9_4_35438.JPG -77.407547 5.834244 -0.283008
Praktica_DCZ5.9_4_35439.JPG -77.022934 4.174116 -1.948355
Praktica_DCZ5.9_4_35440.JPG -76.319748 7.636421 0.829063
Praktica_DCZ5.9_4_35441.JPG -76.687271 7.677345 1.313423
Praktica_DCZ5.9_4_35442.JPG -74.974449 11.533643 -5.851848
Praktica_DCZ5.9_4_35443.JPG -77.083702 7.149515 0.956322
Praktica_DCZ5.9_4_35444.JPG -75.155235 6.859967 0.883450
Praktica_DCZ5.9_4_35445.JPG -74.972336 11.543178 -5.865086
Praktica_DCZ5.9_4_35446.JPG -75.936188 7.926425 1.356889
Praktica_DCZ5.9_4_35447.JPG -75.456749 7.952389 1.123988
Praktica_DCZ5.9_4_35448.JPG -75.196251 8.238205 -0.182647
Praktica_DCZ5.9_4_35449.JPG -75.420738 7.849454 0.667218
Praktica_DCZ5.9_4_35450.JPG -76.815948 8.528492 0.396257
Praktica_DCZ5.9_4_35451.JPG -75.641151 6.478654 -0.886777
Praktica_DCZ5.9_4_35452.JPG -75.462685 7.695684 0.850171
Praktica_DCZ5.9_4_35453.JPG -76.135445 8.625755 0.739359
Praktica_DCZ5.9_4_35454.JPG -75.277946 6.946074 0.564816
Praktica_DCZ5.9_4_35455.JPG -75.175491 8.656550 -0.194823
Praktica_DCZ5.9_4_35456.JPG -75.290565 8.315370 1.261161
Praktica_DCZ5.9_4_35457.JPG -75.987686 8.447537 1.079613
Praktica_DCZ5.9_4_35458.JPG -74.873093 7.355560 -0.049061
Praktica_DCZ5.9_4_35459.JPG -75.229820 8.556722 -0.040634
Praktica_DCZ5.9_4_35460.JPG -75.834511 8.879092 0.842638
Praktica_DCZ5.9_4_35461.JPG -75.806137 8.904494 1.300285
Praktica_DCZ5.9_4_35462.JPG -75.290131 8.405072 -0.241526
Praktica_DCZ5.9_4_35463.JPG -76.333199 14.378374 0.191548
Praktica_DCZ5.9_4_35464.JPG -76.335869 14.393075 0.189601
Praktica_DCZ5.9_4_35465.JPG -76.002678 8.966423 0.633076
Praktica_DCZ5.9_4_35466.JPG -75.275558 8.474439 -0.405307
Praktica_DCZ5.9_4_35467.JPG -73.853653 5.067976 2.410599
Praktica_DCZ5.9_4_35468.JPG -71.978874 5.414262 2.703152
Praktica_DCZ5.9_4_35469.JPG -73.266350 5.688491 1.009447
Praktica_DCZ5.9_4_35470.JPG -75.879807 5.512752 -1.094190
Praktica_DCZ5.9_4_35471.JPG -75.110703 4.837715 0.520223
Praktica_DCZ5.9_4_35472.JPG -71.937347 5.419086 2.705668
Praktica_DCZ5.9_4_35473.JPG -76.551392 4.784315 0.594179
Praktica_DCZ5.9_4_35474.JPG -79.523071 7.284482 -1.985464
Praktica_DCZ5.9_4_35475.JPG -76.254173 5.454114 -2.469869
Praktica_DCZ5.9_4_35476.JPG -76.714798 5.563291 -1.864128
Praktica_DCZ5.9_4_35477.JPG -79.588554 7.333024 -2.004391
Praktica_DCZ5.9_4_35478.JPG -76.542717 4.523156 -0.761329
Praktica_DCZ5.9_4_35479.JPG -76.437378 7.809489 1.533912
Praktica_DCZ5.9_4_35480.JPG -76.111038 7.531987 1.559428
Praktica_DCZ5.9_4_35481.JPG -74.843025 7.613131 -0.290270
Praktica_DCZ5.9_4_35482.JPG -75.590027 8.224545 -0.175061
Praktica_DCZ5.9_4_35483.JPG -76.267349 8.917642 1.050742
Praktica_DCZ5.9_4_35484.JPG -76.622368 8.618247 0.562691
Praktica_DCZ5.9_4_35485.JPG -77.044479 11.739322 3.671821
Praktica_DCZ5.9_4_35486.JPG -74.988289 7.831647 1.290401
Praktica_DCZ5.9_4_35487.JPG -74.550858 8.796568 -0.997199
Praktica_DCZ5.9_4_35488.JPG -74.563728 8.788979 -0.907546
Praktica_DCZ5.9_4_35489.JPG -75.685555 8.825673 0.913523
Praktica_DCZ5.9_4_35490.JPG -77.049377 11.756791 3.682390
Praktica_DCZ5.9_4_35491.JPG -74.042633 6.458028 1.490782
Praktica_DCZ5.9_4_35492.JPG -74.077599 6.507077 1.547632
Praktica_DCZ5.9_4_35493.JPG -74.420586 8.066229 -0.742263
Praktica_DCZ5.9_4_35494.JPG -76.668945 7.033314 0.470264
Praktica_DCZ5.9_4_35495.JPG -76.506210 6.850346 0.421607
Praktica_DCZ5.9_4_35496.JPG -75.291641 5.932865 2.325768
Praktica_DCZ5.9_4_35497.JPG -77.101479 9.002694 1.324482
Praktica_DCZ5.9_4_35498.JPG -75.195061 9.418572 1.414076
Praktica_DCZ5.9_4_35499.JPG -75.280472 8.037189 -0.630213
Praktica_DCZ5.9_4_35500.JPG -76.287300 9.677596 0.208862
Praktica_DCZ5.9_4_35501.JPG -74.608833 8.466317 1.351069
Praktica_DCZ5.9_4_35502.JPG -75.223038 8.550188 -1.019253
Praktica_DCZ5.9_4_35503.JPG -77.130150 9.457261 1.998319
Praktica_DCZ5.9_4_35504.JPG -76.951164 8.866386 -0.562647
Praktica_DCZ5.9_4_35505.JPG -76.531113 6.770395 -1.369475
Praktica_DCZ5.9_4_35506.JPG -75.116974 7.220761 2.508289
Praktica_DCZ5.9_4_35507.JPG -74.146744 7.572193 1.786961
Praktica_DCZ5.9_4_35508.JPG -75.558640 7.114700 -0.780179
Praktica_DCZ5.9_4_35509.JPG -74.280296 8.999839 -1.323206
Praktica_DCZ5.9_4_35510.JPG -75.318329 8.536552 2.477623
Praktica_DCZ5.9_4_35511.JPG -75.230827 7.811789 2.231310
Praktica_DCZ5.9_4_35512.JPG -69.942711 23.210772 3.803772
Praktica_DCZ5.9_4_35513.JPG -69.939537 23.212830 3.803838
Praktica_DCZ5.9_4_35514.JPG -75.607536 9.210274 2.525512
Praktica_DCZ5.9_4_35515.JPG -75.509499 9.109484 2.780829
Praktica_DCZ5.9_4_35516.JPG -73.947960 8.411828 0.172694
Praktica_DCZ5.9_4_35517.JPG -73.728264 8.364666 0.322432
Praktica_DCZ5.9_4_35518.JPG -77.638519 8.228986 2.537863
Praktica_DCZ5.9_4_35519.JPG -77.014084 8.484316 2.171278
Praktica_DCZ5.9_4_35520.JPG -78.194283 6.969817 2.055647
Praktica_DCZ5.9_4_35521.JPG -76.521927 8.754513 2.212183
Praktica_DCZ5.9_4_35522.JPG -72.794373 6.263028 0.090118
Praktica_DCZ5.9_4_35523.JPG -74.351044 8.870071 -0.174278
Praktica_DCZ5.9_4_35524.JPG -79.108177 8.662251 -1.249089
Praktica_DCZ5.9_4_35525.JPG -78.053886 7.016564 -1.359036
Praktica_DCZ5.9_4_35526.JPG -77.594101 8.237600 -0.372507
Praktica_DCZ5.9_4_35527.JPG -73.896942 5.999420 -0.091773
Praktica_DCZ5.9_4_35528.JPG -74.357239 7.523110 2.260211
Praktica_DCZ5.9_4_35529.JPG -74.452599 6.469479 -0.915155
Praktica_DCZ5.9_4_35530.JPG -74.753899 7.661455 -1.046807
Praktica_DCZ5.9_4_35531.JPG -77.212944 4.896771 -1.027642
Praktica_DCZ5.9_4_35532.JPG -77.782234 5.425074 -1.935755
Praktica_DCZ5.9_4_35533.JPG -74.647049 4.796393 1.814653
Praktica_DCZ5.9_4_35534.JPG -73.909119 7.970350 0.352466
Praktica_DCZ5.9_4_35535.JPG -75.878395 7.971832 2.681957
Praktica_DCZ5.9_4_35536.JPG -76.095390 7.959492 2.725646
Praktica_DCZ5.9_4_35537.JPG -84.839035 15.216465 1.604502
Praktica_DCZ5.9_4_35538.JPG -84.839233 15.218517 1.604716
Praktica_DCZ5.9_4_35539.JPG -74.356888 9.235036 1.192569
Praktica_DCZ5.9_4_35540.JPG -75.472008 5.430700 1.399702
Praktica_DCZ5.9_4_35541.JPG -74.820351 5.753496 -2.897746
Praktica_DCZ5.9_4_35542.JPG -74.966682 9.277692 -0.075522
Praktica_DCZ5.9_4_35543.JPG -75.085846 5.688433 1.744663
Praktica_DCZ5.9_4_35544.JPG -74.717575 8.895144 2.032025
Praktica_DCZ5.9_4_35545.JPG -76.274162 5.277197 0.650836
Praktica_DCZ5.9_4_35546.JPG -76.220856 6.753101 3.838516
Praktica_DCZ5.9_4_35547.JPG -77.003113 7.396810 -3.167874
Praktica_DCZ5.9_4_35548.JPG -76.993446 7.421139 -3.181342
Praktica_DCZ5.9_4_35549.JPG -76.761147 6.459138 2.696036
Praktica_DCZ5.9_4_35550.JPG -78.103981 7.555624 -0.867811
Praktica_DCZ5.9_4_35551.JPG -75.499931 5.949090 -2.049233
Praktica_DCZ5.9_4_35552.JPG -75.008301 6.829165 -2.026409
Praktica_DCZ5.9_4_35553.JPG -77.779961 8.422153 1.463426
Praktica_DCZ5.9_4_35554.JPG -77.847885 8.254801 1.037447
Praktica_DCZ5.9_4_35555.JPG -75.936020 7.533815 -1.047755
Praktica_DCZ5.9_4_35556.JPG -77.175079 7.181980 -0.070671
Praktica_DCZ5.9_4_35557.JPG -77.649040 7.551642 0.309232
Praktica_DCZ5.9_4_35558.JPG -76.768044 7.382036 -1.835482
Praktica_DCZ5.9_4_35559.JPG -77.161530 7.160365 1.559070
Praktica_DCZ5.9_4_35560.JPG -76.339989 6.910301 2.336059
Praktica_DCZ5.9_4_35561.JPG -76.108635 7.636820 -2.679600
Praktica_DCZ5.9_4_35562.JPG -77.898422 9.077985 2.553508
Praktica_DCZ5.9_4_35563.JPG -78.186951 8.539479 0.795732
Praktica_DCZ5.9_4_35564.JPG -75.628960 8.983102 -0.959909
Praktica_DCZ5.9_4_35565.JPG -76.965034 6.974977 2.192394
Praktica_DCZ5.9_4_35566.JPG -75.021149 6.777538 3.381771
Praktica_DCZ5.9_4_35567.JPG -73.849464 6.453842 -1.771850
Praktica_DCZ5.9_4_35568.JPG -72.706902 7.291164 1.490099
Praktica_DCZ5.9_4_35569.JPG -78.368073 7.114965 0.445165
Praktica_DCZ5.9_4_35570.JPG -76.641319 9.065722 -2.090721
Praktica_DCZ5.9_4_35571.JPG -76.736244 8.770891 4.257889
Praktica_DCZ5.9_4_35572.JPG -76.417244 6.054171 1.738229
Praktica_DCZ5.9_4_35573.JPG -73.556274 7.969386 -1.430556
Praktica_DCZ5.9_4_35574.JPG -76.759781 8.784297 4.305105
Praktica_DCZ5.9_4_35575.JPG -77.062195 8.408651 3.876879
Praktica_DCZ5.9_4_35576.JPG -73.454536 6.193608 3.056007
Praktica_DCZ5.9_4_35577.JPG -72.237328 8.049492 0.677516
Praktica_DCZ5.9_4_35578.JPG -74.332726 8.617112 3.604782
Praktica_DCZ5.9_4_35579.JPG -76.895691 10.060170 -0.076882
Praktica_DCZ5.9_4_35580.JPG -75.138824 10.206778 -0.851238
Praktica_DCZ5.9_4_35581.JPG -75.019592 10.286454 -0.927932
Praktica_DCZ5.9_4_35582.JPG -73.668243 7.490371 2.691442
Praktica_DCZ5.9_4_35583.JPG -74.256798 8.630193 3.710921
Praktica_DCZ5.9_4_35584.JPG -77.148911 8.415001 -1.764822
Praktica_DCZ5.9_4_35585.JPG -79.282310 8.517806 0.201464
Praktica_DCZ5.9_4_35586.JPG -77.332420 6.941104 3.252467
Praktica_DCZ5.9_4_35587.JPG -73.689507 7.551898 -1.182909
Praktica_DCZ5.9_4_35588.JPG -78.859268 8.548978 1.435102
Praktica_DCZ5.9_4_35589.JPG -78.536507 7.960209 2.411247
Praktica_DCZ5.9_4_35590.JPG -76.427193 7.975155 -1.431858
Praktica_DCZ5.9_4_35591.JPG -76.692146 6.422507 -0.768745
Praktica_DCZ5.9_4_35592.JPG -76.127167 6.992597 3.546042
Praktica_DCZ5.9_4_35593.JPG -75.683228 8.169503 -2.226778
Praktica_DCZ5.9_4_35594.JPG -77.625946 9.390069 -0.730078
Praktica_DCZ5.9_4_35595.JPG -77.511734 9.712156 2.043261
Praktica_DCZ5.9_4_35596.JPG -75.281441 7.008995 -2.519786
Praktica_DCZ5.9_4_35597.JPG -78.988411 8.133645 3.191834
Praktica_DCZ5.9_4_35598.JPG -78.226860 6.608398 3.821442
Praktica_DCZ5.9_4_35599.JPG -74.975052 8.548846 -1.958809
Praktica_DCZ5.9_4_35600.JPG -77.384155 9.572692 0.577232
Praktica_DCZ5.9_4_35601.JPG -76.779831 10.364437 1.187311
Praktica_DCZ5.9_4_35602.JPG -73.419281 8.878659 -1.024392
Praktica_DCZ5.9_4_35603.JPG -76.207008 9.943584 1.989447
Praktica_DCZ5.9_4_35604.JPG -74.703133 10.737185 2.211939
Praktica_DCZ5.9_4_35605.JPG -74.705421 10.797312 2.249401
Praktica_DCZ5.9_4_35606.JPG -75.573837 10.358208 0.759897
Praktica_DCZ5.9_4_35607.JPG -74.225250 9.597310 0.078842
Praktica_DCZ5.9_4_35608.JPG -73.141502 10.767191 -2.006948
Praktica_DCZ5.9_4_35609.JPG -78.685837 8.734313 -0.062893
Praktica_DCZ5.9_4_35610.JPG -73.117699 10.799298 -2.026792
Praktica_DCZ5.9_4_35611.JPG -78.559761 10.133697 0.613392
Praktica_DCZ5.9_4_35612.JPG -74.265633 8.440906 -2.408301
Praktica_DCZ5.9_4_35613.JPG -73.257454 7.256812 0.638839
Praktica_DCZ5.9_4_35614.JPG -73.462234 11.079852 4.640107
Praktica_DCZ5.9_4_35615.JPG -73.434090 11.118515 4.677075
Praktica_DCZ5.9_4_35616.JPG -77.021347 10.782030 0.384342
Praktica_DCZ5.9_4_35617.JPG -77.457115 10.118491 -1.343663
Praktica_DCZ5.9_4_35618.JPG -73.730240 9.442332 2.300840
Praktica_DCZ5.9_4_35619.JPG -73.103416 8.414556 1.937785
Praktica_DCZ5.9_4_35620.JPG -75.837715 9.794987 -1.973831
Praktica_DCZ5.9_4_35621.JPG -72.792351 8.719368 -0.027615
Praktica_DCZ5.9_4_35622.JPG -73.221336 10.021355 1.316337
Praktica_DCZ5.9_4_35623.JPG -78.225243 10.682810 1.693765
