Pentax_OptioA40_0_30521.JPG 14.5748124144 9.19375479978 -0.0426991873842
Pentax_OptioA40_0_30522.JPG 18.8627927362 7.57687171321 -2.38578824247
Pentax_OptioA40_0_30523.JPG 4.90968706238 -6.06083470792 -12.4279738262
Pentax_OptioA40_0_30524.JPG 4.60851263096 2.78860895727 -17.1742709351
Pentax_OptioA40_0_30525.JPG 12.5763499763 20.0289399619 -4.75378633884
Pentax_OptioA40_0_30526.JPG 12.5174528621 17.1353537134 -7.10638328473
Pentax_OptioA40_0_30527.JPG 15.8211714836 11.5342479268 -16.0606096324
Pentax_OptioA40_0_30528.JPG 12.8734599095 -2.35294214214 -19.6951665405
Pentax_OptioA40_0_30529.JPG 34.1788854154 9.96420532947 -5.92498786946
Pentax_OptioA40_0_30530.JPG 20.3361345128 9.02170400939 -9.70596966725
Pentax_OptioA40_0_30531.JPG 11.9503737973 -1.44726257474 -11.8798196224
Pentax_OptioA40_0_30532.JPG 8.90578429044 -3.92873619334 -11.8247252729
Pentax_OptioA40_0_30533.JPG -0.95541355108 6.45872109317 -1.66213183328
Pentax_OptioA40_0_30534.JPG 13.6428505823 11.3453794762 -11.7771189514
Pentax_OptioA40_0_30535.JPG 6.62674084091 1.91333886223 -13.5755926511
Pentax_OptioA40_0_30536.JPG 6.02496771298 -2.34575145062 -14.3973812407
Pentax_OptioA40_0_30537.JPG 42.5305416714 44.7837376189 -26.9849783976
Pentax_OptioA40_0_30538.JPG 13.9860767186 13.0895015989 -8.82998925857
Pentax_OptioA40_0_30539.JPG 7.78310343567 1.00125253139 -16.7672658489
Pentax_OptioA40_0_30540.JPG 8.4142501351 -2.07822344152 -17.2478063093
Pentax_OptioA40_0_30541.JPG 18.6289407519 2.22502569293 -1.80433168152
Pentax_OptioA40_0_30542.JPG 17.9746087989 3.39288837357 -8.67077395471
Pentax_OptioA40_0_30543.JPG 9.87666304024 5.37245076534 -14.7787114766
Pentax_OptioA40_0_30544.JPG 3.27678281737 -3.4890871901 -16.4249112214
Pentax_OptioA40_0_30545.JPG 18.2374874519 12.1099481399 -8.492194623
Pentax_OptioA40_0_30546.JPG 14.0035929694 7.98348137223 -11.0544255247
Pentax_OptioA40_0_30547.JPG 12.9125274205 1.24177930116 -14.1334032244
Pentax_OptioA40_0_30548.JPG 5.46915370051 -1.34323790171 -19.1314627781
Pentax_OptioA40_0_30549.JPG 16.875659785 10.1621077185 -10.6195605456
Pentax_OptioA40_0_30550.JPG 6.55194490458 -4.58918450784 -18.2347015557
Pentax_OptioA40_0_30551.JPG 20.0012340599 10.7199755705 -5.19803890511
Pentax_OptioA40_0_30552.JPG 23.2089812974 8.31274597369 -6.73043769627
Pentax_OptioA40_0_30553.JPG 3.4630939816 0.269820748411 -12.272153089
Pentax_OptioA40_0_30554.JPG 8.88639878236 3.69779788875 -19.6816387979
Pentax_OptioA40_0_30555.JPG 15.6008442247 5.3667609989 -2.06255059049
Pentax_OptioA40_0_30556.JPG 10.3727854862 4.10483482425 -5.51735902816
Pentax_OptioA40_0_30557.JPG 4.9316644617 7.53767496268 -9.07834547821
Pentax_OptioA40_0_30558.JPG 22.631066243 1.39606774643 -8.72216114329
Pentax_OptioA40_0_30559.JPG 15.340335285 14.2492630149 -0.725336551425
Pentax_OptioA40_0_30560.JPG 17.3309659088 10.5873894535 8.9845463765
Pentax_OptioA40_0_30561.JPG 4.22241238646 3.51866455474 -22.2965957823
Pentax_OptioA40_0_30562.JPG 10.4939415327 -9.6718986451 -15.4814140676
Pentax_OptioA40_0_30624.JPG 9.45298482272 9.5953016998 -5.67180060263
Pentax_OptioA40_0_30625.JPG 11.5967871642 10.6682603116 -7.54756348576
Pentax_OptioA40_0_30626.JPG 11.9291413177 7.397267956 -7.83509912015
Pentax_OptioA40_0_30627.JPG 13.9461752039 -7.47697665249 -13.0248053598
Pentax_OptioA40_0_30628.JPG 9.24274232874 -3.62990354169 -21.3323391334
Pentax_OptioA40_0_30629.JPG 10.4764724195 -5.67577805776 -18.011230403
Pentax_OptioA40_0_30630.JPG -5.95435910669 -2.28104574659 -19.3289868434
Pentax_OptioA40_0_30631.JPG 15.1782856037 6.89147086121 -7.53965743632
Pentax_OptioA40_0_30632.JPG 13.9971718792 12.3563960462 -4.95993534577
Pentax_OptioA40_0_30633.JPG 15.7947183277 12.7862254736 -6.18283787931
Pentax_OptioA40_0_30634.JPG 6.67287578044 7.4193433066 -19.5683657486
Pentax_OptioA40_0_30635.JPG 11.2335958984 0.946853093486 -24.0668588178
Pentax_OptioA40_0_30636.JPG -8.40606708228 -9.31197866603 -19.62979873
Pentax_OptioA40_0_30637.JPG 18.0524345362 2.55728477806 -17.4794403911
Pentax_OptioA40_0_30638.JPG 11.7842187041 11.4998663636 -2.61268635631
Pentax_OptioA40_0_30639.JPG 9.20907050946 19.6952870478 -9.47320577683
Pentax_OptioA40_0_30640.JPG 13.1062041666 6.94987145787 -21.1145766399
Pentax_OptioA40_0_30641.JPG 15.8228373309 -1.12479410124 -16.7200646139
Pentax_OptioA40_0_30642.JPG 12.8160782842 -7.20406345086 6.06902707077
Pentax_OptioA40_0_30643.JPG 2.04261808135 10.7009527142 -20.3143406985
Pentax_OptioA40_0_30644.JPG -0.0438730164771 10.5589761718 -21.2105074265
Pentax_OptioA40_0_30645.JPG 11.8882262874 -16.2745250729 -15.7976846183
Pentax_OptioA40_0_30646.JPG 16.073270885 0.921598472035 -11.774379851
Pentax_OptioA40_0_30647.JPG 3.11183218862 -12.240996352 -20.3140676637
Pentax_OptioA40_0_30648.JPG -1.35229661563 9.7840735409 -19.2635378505
Pentax_OptioA40_0_30649.JPG 5.8967696879 11.9007925672 -5.31756880942
Pentax_OptioA40_0_30650.JPG 0.595835282343 0.641689679703 -17.4389640607
Pentax_OptioA40_0_30651.JPG 0.634147176327 -3.9909234161 -12.1703045471
Pentax_OptioA40_0_30652.JPG -3.2696660691 2.70445606765 -20.0403225739
Pentax_OptioA40_0_30653.JPG 9.4891856391 18.4810647443 7.07960887074
Pentax_OptioA40_0_30654.JPG 9.19423233847 18.6118243608 4.67512646573
Pentax_OptioA40_0_30655.JPG -4.12334872228 3.67196029893 -17.9474886839
Pentax_OptioA40_0_30656.JPG 1.55072398949 -2.88889710546 -9.79122733416
Pentax_OptioA40_0_30657.JPG -1.77322726309 14.2773151935 -15.5544023588
Pentax_OptioA40_0_30663.JPG 12.351257869 16.2013809563 -3.02140037565
Pentax_OptioA40_0_30664.JPG 5.73133802985 16.254386903 -21.5455169248
Pentax_OptioA40_0_30665.JPG -0.533446965687 16.4846544042 -10.6412130987
Pentax_OptioA40_0_30666.JPG 17.6721555685 -0.215448341652 -5.94588569597
Pentax_OptioA40_0_30667.JPG 18.4314595488 -2.02832979895 -7.35483600064
Pentax_OptioA40_0_30675.JPG 0.278799867414 21.8825604642 -2.30710910479
Pentax_OptioA40_0_30676.JPG -2.06083642962 -5.99547110424 -9.00546183395
Pentax_OptioA40_0_30677.JPG 6.37089771082 -3.86604169157 -7.63326506749
Pentax_OptioA40_0_30678.JPG 17.3641407912 -6.18975099797 -7.92370805787
Pentax_OptioA40_0_30679.JPG 1.11582552404 20.586368304 -0.412270971996
Pentax_OptioA40_0_30680.JPG 9.85078948618 9.15171826172 -12.3302355962
Pentax_OptioA40_0_30681.JPG 8.5100405342 14.1340928248 -2.84559416283
Pentax_OptioA40_0_30682.JPG -6.97128109468 4.08767243998 -23.9340935417
Pentax_OptioA40_0_30683.JPG 10.0712957803 14.6203202348 -11.4513217698
Pentax_OptioA40_0_30684.JPG 23.0686480057 7.97161103178 -13.2758671979
Pentax_OptioA40_0_30685.JPG -0.444687338481 -7.78655981446 -18.1727964544
Pentax_OptioA40_0_30686.JPG 22.7386825113 9.7139683557 -1.88168121179
Pentax_OptioA40_0_30687.JPG 6.9885616717 2.03853993409 -7.99248242256
Pentax_OptioA40_0_30688.JPG 10.042458351 17.5471200775 -15.6175605213
Pentax_OptioA40_0_30689.JPG 16.0047964869 18.7120448158 -13.3871560009
Pentax_OptioA40_0_30690.JPG 1.70679648293 9.71211104417 -11.5033597664
Pentax_OptioA40_0_30691.JPG 10.6958977849 -0.576242587806 -5.24732703799
Pentax_OptioA40_0_30692.JPG 12.4243804345 2.46979493347 -9.52702381311
Pentax_OptioA40_0_30693.JPG 5.0524123112 12.0302526018 16.1765218069
Pentax_OptioA40_0_30694.JPG 12.9593097563 -0.688490559354 -4.43909913324
Pentax_OptioA40_0_30695.JPG 0.0952466297157 8.54699090514 -13.4261949241
Pentax_OptioA40_0_30696.JPG 1.11359658866 12.6276829815 -7.44663721717
Pentax_OptioA40_0_30697.JPG 4.87672765283 17.5067412333 -12.1742593425
Pentax_OptioA40_0_30698.JPG 9.79504658113 -0.0819607147115 -20.1242148184
Pentax_OptioA40_0_30699.JPG 20.2299433962 -0.283083757319 -13.4560601276
Pentax_OptioA40_0_30700.JPG -1.20107678675 16.684600636 0.474074681734
Pentax_OptioA40_0_30701.JPG 6.7759147078 12.4506252537 -13.6694830668
Pentax_OptioA40_0_30702.JPG 6.50942915909 19.6033221649 0.16589593362
Pentax_OptioA40_0_30703.JPG 7.69799036711 21.3150247301 -0.522431309728
Pentax_OptioA40_0_30704.JPG 21.1695417621 -3.20608084405 -3.00106226309
Pentax_OptioA40_0_30705.JPG 14.4785768321 3.95058531624 -5.52296875353
Pentax_OptioA40_0_30706.JPG 4.45846798631 8.82170349302 -15.8758682438
Pentax_OptioA40_0_30707.JPG 13.1595068474 1.50440387928 -18.7635333955
Pentax_OptioA40_0_30712.JPG -15.4142475337 -9.99617235899 20.2904696846
Pentax_OptioA40_0_30713.JPG 10.7767700307 1.92130778955 -16.0206331454
Pentax_OptioA40_0_30714.JPG 11.497301789 13.9739762663 -6.27531391735
Pentax_OptioA40_0_30715.JPG -3.32736550599 22.0090410046 -21.9105105497
Pentax_OptioA40_0_30716.JPG 8.7395184836 18.520738012 -4.40105074446
Pentax_OptioA40_0_30717.JPG 4.13511007483 19.6363521662 -7.67992883094
Pentax_OptioA40_0_30718.JPG 17.8739555417 10.483814007 3.47477681952
Pentax_OptioA40_0_30719.JPG 8.16021694393 15.6275796249 -7.28032526175
Pentax_OptioA40_0_30720.JPG 17.6683347446 -4.60730197418 -13.8673465974
Pentax_OptioA40_0_30721.JPG 14.9159169215 -5.31202853028 -19.5917332776
Pentax_OptioA40_0_30722.JPG 14.9451579747 9.28218723992 -5.40369257812
Pentax_OptioA40_0_30723.JPG 16.456981909 10.7315469007 -3.28202953557
Pentax_OptioA40_0_30724.JPG 21.4638055366 -5.50739061822 -10.6647288649
Pentax_OptioA40_0_30725.JPG 13.0298554021 -3.90255206599 -15.0791889016
Pentax_OptioA40_0_30726.JPG 11.195592609 -1.18466500454 -16.2246663924
Pentax_OptioA40_0_30727.JPG 19.0801864743 14.4265585489 -5.47175702064
Pentax_OptioA40_0_30728.JPG 18.739495383 14.2942087338 -11.5707799233
Pentax_OptioA40_0_30729.JPG 13.6553734708 4.72470841015 -13.05057864
Pentax_OptioA40_0_30730.JPG 8.75813249851 -4.76723914644 -15.1192761147
Pentax_OptioA40_0_30731.JPG 18.7134888652 7.44723294386 -15.5504661202
Pentax_OptioA40_0_30732.JPG 16.3417155608 16.8111446498 -4.19733941987
Pentax_OptioA40_0_30733.JPG 17.200331089 15.8670298507 -7.89947200664
Pentax_OptioA40_0_30734.JPG 17.4806919822 9.25029368391 -7.00074680409
Pentax_OptioA40_0_30735.JPG 18.9337794596 6.33952573111 -6.32573321442
Pentax_OptioA40_0_30736.JPG 9.82061736953 1.66810401253 -12.6629401346
Pentax_OptioA40_0_30737.JPG 8.87714182772 -1.04557001953 -14.0083280652
Pentax_OptioA40_0_30738.JPG 14.884935742 10.1950130623 -8.27057739261
Pentax_OptioA40_0_30739.JPG 17.6059744014 6.80164547412 -10.3136745837
Pentax_OptioA40_0_30740.JPG 7.03848275238 -0.80388710947 -10.3369688779
Pentax_OptioA40_0_30741.JPG 5.80781592881 -8.08215068416 -16.393089008
Pentax_OptioA40_0_30742.JPG 14.8327581592 6.0020024321 -16.8958469404
Pentax_OptioA40_0_30743.JPG 5.73806514272 -6.60693572384 -21.9282312599
Pentax_OptioA40_0_30744.JPG 11.5254117438 19.0604362469 25.1288457386
Pentax_OptioA40_0_30745.JPG 12.7072863756 7.99061882933 -3.87497652675
Pentax_OptioA40_0_30753.JPG 19.1888723999 13.0097685849 -1.16005989187
Pentax_OptioA40_0_30754.JPG 21.3982604555 13.8111748882 2.6126983284
Pentax_OptioA40_0_30755.JPG 13.6304815373 19.2070434331 1.32771633615
Pentax_OptioA40_0_30756.JPG 10.9588579349 12.4061392668 -17.1409156805
Pentax_OptioA40_0_30757.JPG 10.6579077436 8.97637234715 -17.382390252
Pentax_OptioA40_0_30758.JPG 21.5262651621 -0.0410066810606 1.88522414807
Pentax_OptioA40_0_30759.JPG 19.1582088366 6.09354166026 1.93775598695
Pentax_OptioA40_0_30760.JPG 7.75894105068 11.1809303484 -9.3361496021
Pentax_OptioA40_0_30761.JPG 23.2435654167 0.125176124301 0.205965233099
Pentax_OptioA40_0_30762.JPG 14.9690470871 14.4310042357 4.66774118441
Pentax_OptioA40_0_30763.JPG 3.93689797078 16.8614378414 -3.78165228658
Pentax_OptioA40_0_30764.JPG 2.30458346847 4.03963622818 -10.3582308767
Pentax_OptioA40_0_30765.JPG -2.66352877078 -3.72137019796 -16.0406801613
Pentax_OptioA40_0_30766.JPG 0.61389958092 4.7105599805 -16.7560730807
Pentax_OptioA40_0_30767.JPG 5.85373618406 5.71069710881 -13.4519827913
Pentax_OptioA40_0_30770.JPG 14.0270975257 16.1696951385 -10.8441609058
Pentax_OptioA40_0_30771.JPG 11.4574728511 14.2674314059 0.761623294742
Pentax_OptioA40_0_30772.JPG 15.5068081533 -12.1401389197 -12.8658394615
Pentax_OptioA40_0_30773.JPG 24.8344872394 -2.26513568023 -20.1703067951
Pentax_OptioA40_0_30774.JPG 12.0320506966 -3.53547322353 -8.10883800949
Pentax_OptioA40_0_30775.JPG 12.5594476815 -5.46623327614 -9.17400055515
Pentax_OptioA40_1_31061.JPG 11.4349682459 9.78286659898 4.43076450965
Pentax_OptioA40_1_31062.JPG 1.58672445821 0.891285974015 3.92638321752
Pentax_OptioA40_1_31063.JPG 7.14861157096 -4.5108248711 3.41004076127
Pentax_OptioA40_1_31064.JPG -4.37701598878 6.75838388766 9.55427947156
Pentax_OptioA40_1_31065.JPG 10.3864602551 1.89014548004 -1.18294659338
Pentax_OptioA40_1_31066.JPG 6.48488598257 1.43278300767 -2.92515109033
Pentax_OptioA40_1_31067.JPG 3.58351219844 -0.184389478689 7.60948274112
Pentax_OptioA40_1_31068.JPG 3.66816203089 -3.01257368412 14.7294578855
Pentax_OptioA40_1_31069.JPG 7.84211445939 12.2468394163 3.13587884872
Pentax_OptioA40_1_31070.JPG 7.72812687454 13.1459383359 6.40453401635
Pentax_OptioA40_1_31071.JPG 13.4947969137 0.795005811042 9.33845380951
Pentax_OptioA40_1_31072.JPG 10.6848790003 -1.04715233989 8.23486309273
Pentax_OptioA40_1_31073.JPG 5.15812990794 9.96478160917 2.53154211817
Pentax_OptioA40_1_31074.JPG 7.28976045935 9.95471093452 7.20699819413
Pentax_OptioA40_1_31075.JPG 10.7577051725 -4.71126657404 13.4420644203
Pentax_OptioA40_1_31076.JPG 12.0716856342 -1.30867411152 11.4565762402
Pentax_OptioA40_1_31077.JPG 8.04303467263 9.04340111358 4.06449686085
Pentax_OptioA40_1_31078.JPG -16.4302738945 -17.0450646278 29.7249429833
Pentax_OptioA40_1_31079.JPG 13.1263649936 -3.07323761989 7.81170886716
Pentax_OptioA40_1_31080.JPG 9.56758126648 -3.24401519207 10.4222560484
Pentax_OptioA40_1_31081.JPG 5.77118703808 15.0005836248 2.51576063942
Pentax_OptioA40_1_31082.JPG 12.3567358605 3.83536375744 6.41907222496
Pentax_OptioA40_1_31083.JPG 8.60757432363 -3.91438066552 7.10699766273
Pentax_OptioA40_1_31084.JPG 6.3712574011 -4.41932097567 10.4153597424
Pentax_OptioA40_1_31085.JPG 4.63525495257 11.8026345597 5.23155418551
Pentax_OptioA40_1_31086.JPG 4.10343655738 6.22005638689 2.22783124509
Pentax_OptioA40_1_31087.JPG 9.6108246261 2.33347922426 8.63105925757
Pentax_OptioA40_1_31088.JPG 9.60350228398 0.204161422772 10.8204907566
Pentax_OptioA40_1_31089.JPG 5.84346972258 11.745906325 -0.592099115782
Pentax_OptioA40_1_31090.JPG 4.42092807581 9.30761038499 9.07299778422
Pentax_OptioA40_1_31091.JPG 7.6941619681 -7.50466637923 7.70675338204
Pentax_OptioA40_1_31092.JPG 4.51635193316 -4.44010758343 7.01029122632
Pentax_OptioA40_1_31093.JPG 1.09015663631 1.90010205394 -5.79182980597
Pentax_OptioA40_1_31094.JPG 24.0459316316 5.68914401198 2.62156300879
Pentax_OptioA40_1_31095.JPG 14.1023845872 -1.77629983897 0.293118519996
Pentax_OptioA40_1_31096.JPG 12.226917509 8.22915884001 14.438140023
Pentax_OptioA40_1_31097.JPG 3.01894072884 5.17723945211 -1.43790402068
Pentax_OptioA40_1_31098.JPG -3.86565174392 12.621065701 9.96089592568
Pentax_OptioA40_1_31099.JPG -4.3025684135 -11.3017410045 -14.8403804213
Pentax_OptioA40_1_31100.JPG -4.25544492214 1.64560968907 9.65232234423
Pentax_OptioA40_1_31163.JPG 9.11139811395 9.30595438626 0.55544362962
Pentax_OptioA40_1_31164.JPG 1.04913000589 5.2135621138 2.9903262234
Pentax_OptioA40_1_31165.JPG 11.9406617303 4.07858980041 11.3316559998
Pentax_OptioA40_1_31166.JPG 7.14264216432 0.939222877435 15.2412620321
Pentax_OptioA40_1_31167.JPG 0.13127000894 5.87074548182 17.241154103
Pentax_OptioA40_1_31169.JPG 13.6110321917 -5.04601996555 11.2238287543
Pentax_OptioA40_1_31170.JPG -9.03307926226 19.1883126692 -9.06600930871
Pentax_OptioA40_1_31171.JPG 10.9205359062 -7.7650693208 9.91495795979
Pentax_OptioA40_1_31172.JPG -0.225155605264 7.47671887992 -4.96519491499
Pentax_OptioA40_1_31173.JPG -2.92263269059 9.20491820842 -0.262309778204
Pentax_OptioA40_1_31174.JPG 14.5583670446 6.7399631681 4.8323369238
Pentax_OptioA40_1_31175.JPG 16.1435229157 3.43655683656 13.2989693568
Pentax_OptioA40_1_31176.JPG 7.1922426453 -7.60069755612 12.9206501859
Pentax_OptioA40_1_31177.JPG 11.62528078 11.8810558185 8.55869999997
Pentax_OptioA40_1_31178.JPG -1.12161065276 0.643827547298 -12.6555729933
Pentax_OptioA40_1_31179.JPG 13.6000869459 4.16168167068 1.4325766038
Pentax_OptioA40_1_31180.JPG 7.23785850532 -6.42980380357 18.0955654435
Pentax_OptioA40_1_31181.JPG 7.89342639221 -4.11639226567 19.2091866009
Pentax_OptioA40_1_31182.JPG -2.86930970932 -14.2620449138 -10.8876734802
Pentax_OptioA40_1_31183.JPG 8.83253149654 1.22534215848 18.9826477155
Pentax_OptioA40_1_31184.JPG -1.71522091612 -3.94323912071 -3.38057636524
Pentax_OptioA40_1_31185.JPG 1.71257256198 13.6725896223 11.4054221097
Pentax_OptioA40_1_31186.JPG 0.752031443655 6.54928126887 8.20755427869
Pentax_OptioA40_1_31187.JPG -3.72321601247 8.9671398115 4.98710168424
Pentax_OptioA40_1_31188.JPG -2.16573083178 7.18095193676 4.41974497743
Pentax_OptioA40_1_31189.JPG 1.54799207943 -5.82973811417 19.1284959247
Pentax_OptioA40_1_31190.JPG 3.26676185285 -8.66623114554 8.91144703286
Pentax_OptioA40_1_31191.JPG -0.198941986794 -2.17202896885 15.071829766
Pentax_OptioA40_1_31198.JPG 4.32867066689 4.64770426598 -5.25308117026
Pentax_OptioA40_1_31199.JPG 8.32987162408 5.60700729673 -9.28305639299
Pentax_OptioA40_1_31200.JPG 7.94670973139 6.95756000826 16.6264972933
Pentax_OptioA40_1_31201.JPG 0.208470096403 7.66231366672 12.3256475597
Pentax_OptioA40_1_31202.JPG 2.59587166331 6.6189148183 12.6655581097
Pentax_OptioA40_1_31203.JPG 6.73401923136 7.17997326265 18.7621093239
Pentax_OptioA40_1_31204.JPG -11.3654557301 11.3307605164 15.7033412217
Pentax_OptioA40_1_31205.JPG 5.61438324836 7.83609605904 -3.69500380715
Pentax_OptioA40_1_31206.JPG 0.0615369652843 11.7181539583 6.98780527237
Pentax_OptioA40_1_31207.JPG -0.33264510625 11.5936913459 15.4022552018
Pentax_OptioA40_1_31208.JPG -1.29312618144 16.9938097748 7.76557062473
Pentax_OptioA40_1_31209.JPG -3.07722585716 -4.65803766897 0.0557646573461
Pentax_OptioA40_1_31210.JPG -5.23967365349 4.0951107391 5.77146269818
Pentax_OptioA40_1_31211.JPG -3.39272201837 17.8937373841 6.70904392974
Pentax_OptioA40_1_31212.JPG -2.41764481571 11.162019123 16.5983939534
Pentax_OptioA40_1_31213.JPG -0.740328223876 12.4169651379 4.76412185355
Pentax_OptioA40_1_31214.JPG 8.23244433057 8.67035353574 11.2845256356
Pentax_OptioA40_1_31215.JPG -0.612306630636 -3.79891945249 3.02469794963
Pentax_OptioA40_1_31216.JPG -7.44212064232 10.5034645231 12.3279380589
Pentax_OptioA40_1_31217.JPG -1.351861596 2.96388885184 13.4032445235
Pentax_OptioA40_1_31218.JPG 3.22598435926 -5.06862851141 2.27477670876
Pentax_OptioA40_1_31219.JPG -2.24249701503 2.89580792015 1.7387669931
Pentax_OptioA40_1_31220.JPG 8.47409263502 13.7106934122 12.3281156323
Pentax_OptioA40_1_31221.JPG 6.54665559269 14.1894868106 10.9701682195
Pentax_OptioA40_1_31222.JPG 3.39765455454 -1.66491976322 10.9618821043
Pentax_OptioA40_1_31223.JPG 12.257392581 3.4058194395 16.2057247352
Pentax_OptioA40_1_31224.JPG 22.2335586725 -0.153215807087 7.64615157417
Pentax_OptioA40_1_31225.JPG 10.6031603077 -14.5204489393 12.3967934628
Pentax_OptioA40_1_31226.JPG 17.5705463467 2.9000289944 6.44519427061
Pentax_OptioA40_1_31227.JPG 18.5135728898 3.67083998576 8.57636788939
Pentax_OptioA40_1_31228.JPG 3.90773030415 2.26996753028 0.836416771052
Pentax_OptioA40_1_31229.JPG 13.5691264911 0.764782609204 3.7221782862
Pentax_OptioA40_1_31230.JPG 0.0349932000197 0.153613605993 10.5049503638
Pentax_OptioA40_1_31231.JPG 3.7457915951 2.22130483017 10.573047915
Pentax_OptioA40_1_31232.JPG 2.88526411259 14.0625969271 -14.7012520042
Pentax_OptioA40_1_31233.JPG 6.22807048034 1.95476834797 7.14298466753
Pentax_OptioA40_1_31234.JPG 6.43955227039 3.52143807968 4.16036926589
Pentax_OptioA40_1_31235.JPG 7.07555966708 6.08029991761 2.51550763629
Pentax_OptioA40_1_31236.JPG 4.41455910641 13.4444882548 -8.23081126002
Pentax_OptioA40_1_31237.JPG 0.443117640187 2.27686270996 -2.02551967491
Pentax_OptioA40_1_31238.JPG 16.9809310142 -2.2930901653 4.30777771855
Pentax_OptioA40_1_31239.JPG 12.6021799937 -4.27660691443 17.7786859097
Pentax_OptioA40_1_31240.JPG 4.72936562609 -0.755125094512 17.4427868334
Pentax_OptioA40_1_31241.JPG 8.37547028502 5.8378809877 -1.82873914358
Pentax_OptioA40_1_31242.JPG 3.67294997251 4.35965112209 5.96910496483
Pentax_OptioA40_1_31243.JPG 5.43195726491 -0.876604121246 4.44178932966
Pentax_OptioA40_1_31244.JPG 10.8758130844 -2.52061054417 4.11975822834
Pentax_OptioA40_1_31245.JPG 8.66372477887 -1.52740883979 12.8489174281
Pentax_OptioA40_1_31246.JPG 10.9508461221 -1.14241937448 15.3640962805
Pentax_OptioA40_1_31247.JPG 19.9981643038 -10.879366051 -6.51295609715
Pentax_OptioA40_1_31248.JPG 10.1908354094 6.09023398285 2.18534641572
Pentax_OptioA40_1_31249.JPG -3.1245859032 -0.445312599737 4.33981244409
Pentax_OptioA40_1_31250.JPG 7.25778244376 -3.7466043363 14.5432746381
Pentax_OptioA40_1_31251.JPG 6.10580239509 -0.70290690697 12.3429818735
Pentax_OptioA40_1_31252.JPG 5.26065295804 7.70244140732 4.97411807586
Pentax_OptioA40_1_31253.JPG 0.997257247511 12.3335611621 -0.367997043729
Pentax_OptioA40_1_31254.JPG -19.5369900044 0.688727811526 -34.7151144271
Pentax_OptioA40_1_31255.JPG 7.04245631514 1.09840827819 10.1989117719
Pentax_OptioA40_1_31256.JPG 7.25873052319 -1.15726565759 9.25179218222
Pentax_OptioA40_1_31257.JPG 8.67734930488 0.1957338197 6.06851122114
Pentax_OptioA40_1_31258.JPG 1.54516561994 10.0971850871 0.680003929335
Pentax_OptioA40_1_31259.JPG 2.58927619626 8.77064136617 4.69907519996
Pentax_OptioA40_1_31260.JPG 5.87054429521 7.84413169089 -0.134504031166
Pentax_OptioA40_1_31261.JPG 2.63533308972 13.2840868909 3.01707365227
Pentax_OptioA40_1_31262.JPG 7.06644836933 4.0414203515 12.8446651779
Pentax_OptioA40_1_31263.JPG 9.8826080898 2.03608104939 13.2430842249
Pentax_OptioA40_1_31264.JPG 1.52291883196 -4.71771174561 10.4619565528
Pentax_OptioA40_1_31265.JPG 6.37873422513 4.91477454225 9.32470202773
Pentax_OptioA40_1_31266.JPG 9.55559086894 2.52261902509 2.68405509258
Pentax_OptioA40_1_31267.JPG 7.36586440192 3.7871448661 0.54199300345
Pentax_OptioA40_1_31268.JPG 8.83291719323 5.71229511474 6.1118213887
Pentax_OptioA40_1_31269.JPG 2.79885555862 1.40937658275 14.1478275654
Pentax_OptioA40_1_31270.JPG -28.6991293497 -16.6901430573 20.0954303836
Pentax_OptioA40_1_31272.JPG 0.0145438491341 -9.29984301803 -12.6173967652
Pentax_OptioA40_1_31273.JPG 3.5350222966 17.0478085024 6.82804758031
Pentax_OptioA40_1_31274.JPG 14.9374579497 -1.06045749088 14.1526090219
Pentax_OptioA40_1_31275.JPG 16.9166334801 -2.62888054056 10.3546278708
Pentax_OptioA40_1_31281.JPG 2.32269998323 10.0225985131 -3.43178007359
Pentax_OptioA40_1_31282.JPG 7.4876551055 -0.699341945237 0.7164262043
Pentax_OptioA40_1_31283.JPG 3.95553518325 4.16763878502 16.9164295427
Pentax_OptioA40_1_31284.JPG -0.245759527589 2.67170131228 7.2455230864
Pentax_OptioA40_1_31285.JPG -5.01521130893 6.15815869596 13.9048979917
Pentax_OptioA40_1_31286.JPG -0.288011457112 -6.02238548154 6.82574105201
Pentax_OptioA40_1_31287.JPG 0.402399003654 -2.47280732666 6.84999813176
Pentax_OptioA40_1_31293.JPG 12.8571181597 7.58818312033 9.04419904042
Pentax_OptioA40_1_31294.JPG 6.6208031365 -11.7860531014 11.9518974944
Pentax_OptioA40_1_31295.JPG 0.770875631915 -1.29065154442 0.00252543828719
Pentax_OptioA40_1_31296.JPG 2.95688982903 -2.12103471657 -0.735564887657
Pentax_OptioA40_1_31297.JPG 2.46746289127 -6.94947221883 13.6916765314
Pentax_OptioA40_1_31298.JPG -4.54843056888 -10.2113555357 -0.504493398423
Pentax_OptioA40_2_31553.JPG -14.8565232321 -8.19460209638 15.4951058359
Pentax_OptioA40_2_31554.JPG -11.785582204 -16.2132971025 9.40555943138
Pentax_OptioA40_2_31555.JPG 2.97534147978 -18.8283612177 -4.51767037153
Pentax_OptioA40_2_31556.JPG 15.0347704585 -12.8809879436 1.74676948637
Pentax_OptioA40_2_31557.JPG -10.1606593139 -3.07896701593 8.67067287788
Pentax_OptioA40_2_31558.JPG -12.7272562466 -4.23481295839 10.2116998346
Pentax_OptioA40_2_31559.JPG 8.97341144363 -19.7361214984 -0.69086730463
Pentax_OptioA40_2_31560.JPG 8.00085694102 -18.0747792056 -3.2915591886
Pentax_OptioA40_2_31561.JPG -8.89715207791 -16.9714126799 13.5842380487
Pentax_OptioA40_2_31562.JPG -5.50439699242 -17.7965588545 12.8902157297
Pentax_OptioA40_2_31563.JPG -0.931659268415 -9.05930285649 -2.90769809834
Pentax_OptioA40_2_31564.JPG 5.68136363302 -8.15897203987 -4.83074329053
Pentax_OptioA40_2_31565.JPG -6.32059290443 -14.3299217158 13.4197332807
Pentax_OptioA40_2_31566.JPG -6.21426625002 -15.2015741654 16.6972164348
Pentax_OptioA40_2_31567.JPG 3.13413633312 -8.5176804538 -8.41209442635
Pentax_OptioA40_2_31568.JPG 6.08442292896 -10.7684273943 -6.79061914743
Pentax_OptioA40_2_31569.JPG 8.11106814247 -10.8078442092 -4.2091938033
Pentax_OptioA40_2_31570.JPG 3.20092973106 -12.3621304332 -0.00697426008148
Pentax_OptioA40_2_31571.JPG -7.72812011169 -12.1366824839 10.9153385719
Pentax_OptioA40_2_31572.JPG -10.1978755496 -14.8834402129 16.2887738013
Pentax_OptioA40_2_31573.JPG -8.73599498967 -12.5980085662 19.6245366768
Pentax_OptioA40_2_31574.JPG -5.97676707711 -9.1786372611 19.2177659157
Pentax_OptioA40_2_31575.JPG -2.77411553983 -9.97617762603 -6.70692198225
Pentax_OptioA40_2_31576.JPG 9.8246120015 -11.4265915368 -7.14538985594
Pentax_OptioA40_2_31577.JPG -9.61054213263 -14.0051805819 12.3585409612
Pentax_OptioA40_2_31578.JPG 13.2740685906 -8.25029005798 2.20935657328
Pentax_OptioA40_2_31579.JPG 2.92699008762 -9.48799897757 -1.85170192784
Pentax_OptioA40_2_31580.JPG 4.97633855231 -11.4480122741 -3.56310845976
Pentax_OptioA40_2_31581.JPG -12.612035124 -16.6282523536 13.6278555928
Pentax_OptioA40_2_31582.JPG -5.30581454342 -15.0634258833 9.7107616556
Pentax_OptioA40_2_31583.JPG 0.141846032622 -9.3819423219 0.79855832033
Pentax_OptioA40_2_31584.JPG 4.71063274144 -13.861425549 -8.91742666276
Pentax_OptioA40_2_31585.JPG -15.1705332025 -2.3512662816 15.451364251
Pentax_OptioA40_2_31586.JPG -16.4068378124 2.19486847234 13.8259937151
Pentax_OptioA40_2_31587.JPG 1.63037952002 -6.55477499862 -4.8788106727
Pentax_OptioA40_2_31588.JPG -2.55434090295 -15.6997456371 4.60358756282
Pentax_OptioA40_2_31589.JPG -1.52050729277 -19.6358395605 -4.25803500495
Pentax_OptioA40_2_31590.JPG -8.33758252244 -0.536407176497 11.7231097866
Pentax_OptioA40_2_31591.JPG -8.34984118966 2.56959603842 14.5091954105
Pentax_OptioA40_2_31592.JPG 9.45245309841 -11.6131334699 17.0855434517
Pentax_OptioA40_2_31593.JPG 18.7650321059 -8.68587080791 2.68717999618
Pentax_OptioA40_2_31654.JPG -4.71882762112 -11.2253525326 10.6511930312
Pentax_OptioA40_2_31655.JPG -5.76591969004 -8.86144554839 9.02005019503
Pentax_OptioA40_2_31656.JPG 6.33635713403 -11.2059469953 1.09540480411
Pentax_OptioA40_2_31657.JPG 8.21080947683 -14.6344906228 -5.56147588438
Pentax_OptioA40_2_31658.JPG 9.28572913867 -7.99711806196 -6.5626440427
Pentax_OptioA40_2_31659.JPG 9.66141618512 -9.56345084714 -1.65570666487
Pentax_OptioA40_2_31660.JPG -7.93423607192 -8.75772289997 12.2578051658
Pentax_OptioA40_2_31661.JPG -9.26362878269 -9.39362519596 9.76632452994
Pentax_OptioA40_2_31662.JPG 12.7036708369 -15.4061751333 -7.90668749801
Pentax_OptioA40_2_31663.JPG 1.66061401602 -16.6710074572 -0.267244034404
Pentax_OptioA40_2_31664.JPG -15.6379761835 -11.8525064658 9.70285456656
Pentax_OptioA40_2_31665.JPG -13.8807240745 -12.7181469939 6.3928716519
Pentax_OptioA40_2_31666.JPG -12.1448277018 -11.0458295913 6.18112577217
Pentax_OptioA40_2_31667.JPG -8.18294369659 -15.993150634 6.37643913772
Pentax_OptioA40_2_31668.JPG -7.11188610172 -18.0966467838 6.96133418959
Pentax_OptioA40_2_31669.JPG -6.33592814692 -4.08711784971 7.99361633984
Pentax_OptioA40_2_31670.JPG 9.16777113493 -19.9608818345 3.93466303376
Pentax_OptioA40_2_31671.JPG 18.0221875297 -11.0504920653 -1.99985808946
Pentax_OptioA40_2_31672.JPG 1.37014452883 -11.9065271712 -6.80975756858
Pentax_OptioA40_2_31673.JPG 2.90227945331 -2.45700321035 -5.10406800681
Pentax_OptioA40_2_31674.JPG 0.570891384396 -18.5663363542 7.8191732926
Pentax_OptioA40_2_31675.JPG 1.49776585392 -13.2777591484 8.02106229088
Pentax_OptioA40_2_31676.JPG -13.2382251923 -16.3625933841 3.87789803553
Pentax_OptioA40_2_31677.JPG -12.416014526 -18.5875332699 4.27892703033
Pentax_OptioA40_2_31678.JPG -4.99569358457 -12.3911066587 5.62146681012
Pentax_OptioA40_2_31679.JPG 14.0192285459 -15.9496864028 8.09407822342
Pentax_OptioA40_2_31680.JPG 0.322608535566 -13.1644508537 3.01847745745
Pentax_OptioA40_2_31685.JPG -9.98533901713 -6.92141880814 7.07045705607
Pentax_OptioA40_2_31686.JPG -16.7104927267 -3.62799751747 10.9130632168
Pentax_OptioA40_2_31687.JPG 14.799978835 -11.3857064928 12.8773108904
Pentax_OptioA40_2_31688.JPG 11.0305705735 -5.43185569048 -3.41295735513
Pentax_OptioA40_2_31689.JPG 8.2025777645 -4.31363675002 -3.03624798653
Pentax_OptioA40_2_31690.JPG 3.30084766018 -16.7001419125 12.1550264238
Pentax_OptioA40_2_31691.JPG -17.5100909547 -6.11923236302 11.9346764021
Pentax_OptioA40_2_31692.JPG -8.44431759779 -10.1833787706 6.41645982328
Pentax_OptioA40_2_31693.JPG -12.6495064067 0.760909884374 10.7794411602
Pentax_OptioA40_2_31694.JPG -7.61796804585 -9.6417348575 2.33603646563
Pentax_OptioA40_2_31695.JPG 3.79385823679 -13.3466293075 16.7777894892
Pentax_OptioA40_2_31696.JPG 11.1486950265 -11.9104619495 6.45649664665
Pentax_OptioA40_2_31697.JPG -18.7100533873 -10.1690394957 6.82867224486
Pentax_OptioA40_2_31698.JPG -4.92954673827 -5.39409335209 15.1466342885
Pentax_OptioA40_2_31699.JPG 3.37723951859 -10.9911284653 16.3961477125
Pentax_OptioA40_2_31700.JPG -1.14224001917 -19.3651264296 2.27007900382
Pentax_OptioA40_2_31701.JPG 15.6011211736 -6.71536020974 -1.30837047331
Pentax_OptioA40_2_31702.JPG 6.46427162373 -12.1019798046 7.17790255156
Pentax_OptioA40_2_31703.JPG -9.80207174292 -15.3423168511 0.3981063943
Pentax_OptioA40_2_31704.JPG -6.03901428003 3.10433694591 18.5766934244
Pentax_OptioA40_2_31705.JPG -4.23652993602 4.41537021472 19.5020351682
Pentax_OptioA40_2_31706.JPG -11.5167464455 -16.663649105 -1.14393290911
Pentax_OptioA40_2_31707.JPG -1.8159861125 -9.48509805599 4.55733589126
Pentax_OptioA40_2_31708.JPG 6.14021098861 -19.2509656824 8.29848324628
Pentax_OptioA40_2_31709.JPG 12.6463554621 -17.4427273082 -1.03326336672
Pentax_OptioA40_2_31710.JPG 12.2600831391 -18.2771784312 -3.44952160483
Pentax_OptioA40_2_31711.JPG 8.55606843228 -15.7149707711 5.94210880052
Pentax_OptioA40_2_31712.JPG -1.26607373628 -14.3533048722 11.1491910653
Pentax_OptioA40_2_31713.JPG -2.83478901905 -7.68831037291 11.2151190639
Pentax_OptioA40_2_31714.JPG -10.6189069908 -4.37364438333 13.2222970309
Pentax_OptioA40_2_31715.JPG 9.80626287783 -15.6030881357 -0.373118208294
Pentax_OptioA40_2_31716.JPG 11.0525352175 -15.0018888453 -3.2390889158
Pentax_OptioA40_2_31717.JPG 11.3402950308 -15.3169982118 2.98154065862
Pentax_OptioA40_2_31718.JPG -0.529068660945 -10.6189521218 11.9315389058
Pentax_OptioA40_2_31719.JPG -7.42143565745 -4.93614837011 11.9514577933
Pentax_OptioA40_2_31720.JPG -11.77320324 -9.15979944099 11.7462684703
Pentax_OptioA40_2_31721.JPG -11.2308656112 -6.09737161662 18.6049822482
Pentax_OptioA40_2_31722.JPG 3.76989881453 -16.7448664805 4.46617137043
Pentax_OptioA40_2_31723.JPG 5.36441855555 -15.479243609 -2.66275258972
Pentax_OptioA40_2_31724.JPG -3.06569239975 -4.09414183539 9.83333932216
Pentax_OptioA40_2_31725.JPG -1.1031369976 5.72715977447 -8.71676645592
Pentax_OptioA40_2_31726.JPG -10.0685129328 -6.86877474187 10.9634172715
Pentax_OptioA40_2_31727.JPG 3.45739261777 -12.3496630966 4.62842939307
Pentax_OptioA40_2_31728.JPG -11.7107574967 5.19105311178 12.5748411879
Pentax_OptioA40_2_31729.JPG -11.7307718043 0.481706830907 17.08895479
Pentax_OptioA40_2_31730.JPG 5.53961436309 -19.4849942845 -8.94031872085
Pentax_OptioA40_2_31731.JPG 8.55258377384 -18.9070017297 -6.7504789925
Pentax_OptioA40_2_31732.JPG -8.16261105323 -8.25242935763 15.568533522
Pentax_OptioA40_2_31733.JPG -10.7964111959 -7.78802454384 14.4967606928
Pentax_OptioA40_2_31734.JPG 6.08380361215 -7.27766302615 -0.476891861426
Pentax_OptioA40_2_31735.JPG 15.8386608797 -15.5336437425 -4.25278069311
Pentax_OptioA40_2_31736.JPG 7.82866714388 -12.978914142 -1.95690643419
Pentax_OptioA40_2_31737.JPG 13.3780931434 -11.3429379129 -2.45516008364
Pentax_OptioA40_2_31738.JPG -9.6910964004 -25.3972077431 11.2914053478
Pentax_OptioA40_2_31739.JPG -6.3612012572 -2.16642404209 19.9092176882
Pentax_OptioA40_2_31740.JPG -5.07245995181 -20.4464641228 -0.67782029749
Pentax_OptioA40_2_31741.JPG 1.07986473828 -13.3600371875 -2.97358359013
Pentax_OptioA40_2_31742.JPG 4.57881326009 -13.8511173705 -5.52388251683
Pentax_OptioA40_2_31743.JPG -7.76797752506 -12.078171129 16.1703265003
Pentax_OptioA40_2_31744.JPG -5.73434104149 -10.6434772041 14.0217798156
Pentax_OptioA40_2_31745.JPG 27.9916189532 3.67131702242 -2.60108666308
Pentax_OptioA40_2_31746.JPG -3.80962129738 -2.0413600402 12.7565972028
Pentax_OptioA40_2_31747.JPG -11.7571859472 -10.6410808065 16.5059170321
Pentax_OptioA40_2_31748.JPG -9.77920599679 -11.2158190293 13.9993712632
Pentax_OptioA40_2_31749.JPG 13.7698228265 -10.2361139124 -7.35930092542
Pentax_OptioA40_2_31750.JPG 7.42157359476 -9.8671299895 -10.1029966652
Pentax_OptioA40_2_31751.JPG 6.10233495414 -16.0661980823 0.973614585221
Pentax_OptioA40_2_31752.JPG 3.35148310009 -8.78302908527 3.98603746794
Pentax_OptioA40_2_31753.JPG -13.4207575772 -12.2019007979 12.8985158207
Pentax_OptioA40_2_31754.JPG -11.1581709497 -12.1848469324 10.2908372679
Pentax_OptioA40_2_31756.JPG -18.1747358346 -10.8508506239 13.6925338339
Pentax_OptioA40_2_31757.JPG -2.18348435907 -8.1297270457 16.5329736958
Pentax_OptioA40_2_31758.JPG -2.47017728177 -14.3937711254 -5.64931783132
Pentax_OptioA40_2_31759.JPG 8.38275954698 -14.6014653773 -10.6093653425
Pentax_OptioA40_2_31762.JPG -8.87993386538 -3.06019380866 16.1394819802
Pentax_OptioA40_2_31763.JPG -1.31783387857 -14.0671879811 16.1187733951
Pentax_OptioA40_2_31764.JPG -1.29345517013 -12.4428129646 18.2571570823
Pentax_OptioA40_2_31765.JPG 17.2379419578 -8.74973549081 7.92645002563
Pentax_OptioA40_2_31766.JPG 16.4197753147 -10.9156846479 7.24803534851
Pentax_OptioA40_2_31767.JPG 3.40524056599 -13.380221744 -13.3982268058
Pentax_OptioA40_2_31768.JPG 0.947932909854 -16.8704333682 -8.27970142418
Pentax_OptioA40_2_31769.JPG 4.42670227321 -21.0358702854 -0.336387515815
Pentax_OptioA40_2_31774.JPG -14.2194576595 -7.80906929503 9.0921076098
Pentax_OptioA40_2_31775.JPG -5.02950519744 -6.82034889354 5.50599885045
Pentax_OptioA40_2_31776.JPG -2.84047663535 -14.580470792 -0.666799573362
Pentax_OptioA40_2_31777.JPG -5.67414947828 -15.1781396418 -2.36811193727
Pentax_OptioA40_2_31778.JPG 10.1617874023 -6.02794779066 0.751258080144
Pentax_OptioA40_2_31779.JPG 9.76037049932 -10.5177562041 2.463147709
Pentax_OptioA40_3_32266.JPG -11.8559973913 -2.70781421167 3.44817510282
Pentax_OptioA40_3_32268.JPG -16.4538952114 -6.88663648229 -7.24627469375
Pentax_OptioA40_3_32269.JPG -15.1746021233 12.0219715408 -8.26627626002
Pentax_OptioA40_3_32270.JPG -18.5725957944 9.6449833169 -10.7378034807
Pentax_OptioA40_3_32271.JPG -12.5292908151 3.88217679152 4.01334073412
Pentax_OptioA40_3_32272.JPG -9.70372631913 4.31411381113 2.15209455305
Pentax_OptioA40_3_32273.JPG -9.19795804488 8.43038930722 -0.900700974493
Pentax_OptioA40_3_32274.JPG -10.2932562719 11.0463846797 -2.44985220433
Pentax_OptioA40_3_32275.JPG -13.8308727995 -5.82647065136 -2.33587734846
Pentax_OptioA40_3_32276.JPG -16.9571194006 2.62553762352 3.38534680811
Pentax_OptioA40_3_32277.JPG -16.1880579284 8.2773214324 -0.0583045222179
Pentax_OptioA40_3_32278.JPG -14.3512983894 7.89517375313 -2.96158908365
Pentax_OptioA40_3_32279.JPG -20.678663167 -4.25892251642 -0.592370682562
Pentax_OptioA40_3_32280.JPG -17.0215749159 -6.87097964413 0.360067613394
Pentax_OptioA40_3_32281.JPG -18.333580331 4.77785863733 -4.94163323854
Pentax_OptioA40_3_32282.JPG -16.7026880676 8.27157903252 -6.16177394562
Pentax_OptioA40_3_32283.JPG -17.6820505015 -4.99287341762 -2.53969824041
Pentax_OptioA40_3_32284.JPG -19.3993139332 -7.51974948913 -1.93086402209
Pentax_OptioA40_3_32285.JPG -16.246531042 4.99139789134 -8.02617893561
Pentax_OptioA40_3_32286.JPG -12.6792310845 5.56465991229 -8.06619418923
Pentax_OptioA40_3_32287.JPG -10.9676038246 -6.06392219991 0.288613389343
Pentax_OptioA40_3_32288.JPG -10.3730662158 -5.73091699287 -3.61949581182
Pentax_OptioA40_3_32289.JPG -14.871833229 2.03521429784 -6.74206915351
Pentax_OptioA40_3_32290.JPG -14.614713795 10.74816922 -4.21488803777
Pentax_OptioA40_3_32291.JPG -18.8323254753 -1.6415845346 -1.43184800258
Pentax_OptioA40_3_32292.JPG -17.2401738418 -3.01889321321 0.645844330956
Pentax_OptioA40_3_32293.JPG -15.1709046685 4.3693936196 -3.39571112246
Pentax_OptioA40_3_32294.JPG -14.5308243297 6.03055497606 -5.59894930966
Pentax_OptioA40_3_32295.JPG -15.6320686271 -8.98187817395 -2.95394557805
Pentax_OptioA40_3_32296.JPG -20.6872358912 -2.34860351609 -8.59505569073
Pentax_OptioA40_3_32297.JPG -21.3082207884 7.52376514357 -7.32079623597
Pentax_OptioA40_3_32298.JPG -13.9321155542 9.85199481951 -13.1129886529
Pentax_OptioA40_3_32299.JPG -11.7068098687 -2.1092997971 -5.62357134407
Pentax_OptioA40_3_32300.JPG -21.0496003516 2.30976763568 -1.62747770331
Pentax_OptioA40_3_32302.JPG -6.32497274343 5.05826694326 -0.164123790114
Pentax_OptioA40_3_32303.JPG -3.85217358896 3.38906897753 -11.0487272603
Pentax_OptioA40_3_32304.JPG -5.10109751327 2.25103719807 -9.15702406136
Pentax_OptioA40_3_32305.JPG -12.6241605209 -9.8588523624 0.757992232697
Pentax_OptioA40_3_32306.JPG -7.42588387265 -8.50267772899 -7.04511536154
Pentax_OptioA40_3_32307.JPG -11.8759183376 12.2808954198 0.456612323555
Pentax_OptioA40_3_32308.JPG -3.11755234725 13.0378216793 -2.86464376599
Pentax_OptioA40_3_32370.JPG -15.0811207093 -3.03341579805 -5.33867760144
Pentax_OptioA40_3_32371.JPG -17.3814765105 -2.43962464947 -4.9389159706
Pentax_OptioA40_3_32372.JPG -16.7204779198 -1.94075895538 -7.38976253323
Pentax_OptioA40_3_32373.JPG -20.1810786896 1.29229903829 4.45840870517
Pentax_OptioA40_3_32374.JPG -8.33348424716 6.12737741574 -4.10543628594
Pentax_OptioA40_3_32375.JPG -11.778782686 9.76716118879 -9.24134762718
Pentax_OptioA40_3_32376.JPG -15.499730056 14.8867174178 -2.38270868199
Pentax_OptioA40_3_32377.JPG -11.3703453382 2.04294457878 -7.57701520874
Pentax_OptioA40_3_32378.JPG -13.3461235353 0.2699380985 -2.34853425668
Pentax_OptioA40_3_32379.JPG -13.8361966541 -1.45816506836 0.264732339814
Pentax_OptioA40_3_32380.JPG -12.0659610771 -6.72027823561 -7.07658783715
Pentax_OptioA40_3_32381.JPG -13.4917425853 -3.73732691677 -9.73039472943
Pentax_OptioA40_3_32382.JPG -19.6398712796 -10.6797527549 -5.39708178284
Pentax_OptioA40_3_32383.JPG -8.6936844551 7.85019173487 5.77590074729
Pentax_OptioA40_3_32384.JPG -10.7914252769 16.9324038271 -0.769542612201
Pentax_OptioA40_3_32385.JPG -5.83860866009 7.27381677363 -8.2473815251
Pentax_OptioA40_3_32386.JPG -10.9824275624 3.29514174325 -16.7078602685
Pentax_OptioA40_3_32387.JPG -12.5110513183 5.52425535637 -15.0453928789
Pentax_OptioA40_3_32388.JPG -9.93492671402 -12.7832856676 -4.80001094288
Pentax_OptioA40_3_32389.JPG -9.34197562736 -11.0461691765 -3.27110652062
Pentax_OptioA40_3_32390.JPG -7.49619648477 -4.4618589657 2.55002611778
Pentax_OptioA40_3_32391.JPG -23.9818123993 1.96869806887 -5.37118714045
Pentax_OptioA40_3_32392.JPG -19.8326792338 1.96300108797 -8.19942513914
Pentax_OptioA40_3_32393.JPG -9.64910724213 -0.988559938309 -13.0752276979
Pentax_OptioA40_3_32394.JPG -17.4980992948 -7.40807781071 -12.4499314737
Pentax_OptioA40_3_32395.JPG -19.3996743313 3.68348586235 -11.4234703147
Pentax_OptioA40_3_32396.JPG -11.4507879057 -5.29799936231 -15.0454721425
Pentax_OptioA40_3_32397.JPG -9.97801249704 -3.19680016787 -14.4533775548
Pentax_OptioA40_3_32398.JPG -8.23658887199 -13.660789694 -9.6282044075
Pentax_OptioA40_3_32399.JPG -25.0987465352 0.810240777126 -3.54482738143
Pentax_OptioA40_3_32405.JPG -4.11975403956 5.00616693572 -4.81208497616
Pentax_OptioA40_3_32406.JPG -18.8905755718 13.6084393808 -6.17247516401
Pentax_OptioA40_3_32407.JPG -5.55818251358 12.1785772528 -13.2278128812
Pentax_OptioA40_3_32408.JPG -13.0494772279 5.94079335342 7.55670322912
Pentax_OptioA40_3_32409.JPG -17.6190867148 3.60810384453 8.13519000444
Pentax_OptioA40_3_32410.JPG -19.5822742252 4.59937628305 8.51095051822
Pentax_OptioA40_3_32411.JPG -10.19964101 -9.03410265129 -11.5561030411
Pentax_OptioA40_3_32412.JPG -12.5975840881 0.347690492807 -12.0590100834
Pentax_OptioA40_3_32413.JPG -8.61112664491 -3.28682506959 -8.57351624942
Pentax_OptioA40_3_32414.JPG -14.3493175276 -11.1389541073 -9.28660530955
Pentax_OptioA40_3_32415.JPG -14.4182440854 -11.8867922781 -6.87839738969
Pentax_OptioA40_3_32416.JPG -7.28788329281 -3.60413520399 -6.59842726369
Pentax_OptioA40_3_32417.JPG -11.7375152806 8.54169580308 2.4767489688
Pentax_OptioA40_3_32418.JPG -12.3148580071 15.5038966108 -5.83978107453
Pentax_OptioA40_3_32419.JPG -8.16648620336 15.1780484383 6.5403165276
Pentax_OptioA40_3_32420.JPG -11.6777133473 12.0333195322 6.46333936572
Pentax_OptioA40_3_32421.JPG -21.8874666543 -2.59710751622 -4.1084142418
Pentax_OptioA40_3_32422.JPG -7.78809451563 0.102333739027 4.86170493837
Pentax_OptioA40_3_32423.JPG -9.26346120289 1.44422557671 6.06654666967
Pentax_OptioA40_3_32424.JPG -6.8564750275 -5.9759193162 -2.38644080794
Pentax_OptioA40_3_32425.JPG -11.4911568219 12.3737900293 9.44486031217
Pentax_OptioA40_3_32426.JPG -6.57723812728 12.8625293488 2.66481248586
Pentax_OptioA40_3_32427.JPG -9.85047467278 9.23684621183 -5.47961147874
Pentax_OptioA40_3_32428.JPG -10.208315716 12.0589639651 -6.11937275849
Pentax_OptioA40_3_32429.JPG -8.00665881353 7.86513202899 -13.1439535281
Pentax_OptioA40_3_32430.JPG -9.40110919868 9.32896790697 -14.2568127419
Pentax_OptioA40_3_32431.JPG -2.8233244072 -1.33050101571 -7.02567542349
Pentax_OptioA40_3_32432.JPG -5.07580408291 -2.28754982182 -10.9436341091
Pentax_OptioA40_3_32433.JPG -17.2415220433 -11.5616965164 0.990965313938
Pentax_OptioA40_3_32434.JPG -13.8953604133 -7.4946639096 3.11774598208
Pentax_OptioA40_3_32435.JPG -14.867333337 -4.63374387223 5.08007125122
Pentax_OptioA40_3_32436.JPG -8.00801643621 11.0483861948 -9.45867917226
Pentax_OptioA40_3_32437.JPG -9.71658890475 7.34623647816 -8.17551606843
Pentax_OptioA40_3_32438.JPG 1.75499907751 -21.9396906295 3.9458458513
Pentax_OptioA40_3_32439.JPG -12.0927734622 3.8027430433 -4.15399843969
Pentax_OptioA40_3_32440.JPG -13.3845532547 3.59273092129 0.550959388923
Pentax_OptioA40_3_32441.JPG -15.4395968692 -0.699754116751 2.69401215229
Pentax_OptioA40_3_32447.JPG -13.8916016474 0.553387958844 5.81086712849
Pentax_OptioA40_3_32448.JPG -16.2694973467 6.51409342027 4.25394311873
Pentax_OptioA40_3_32449.JPG -7.21758572874 14.2319961065 -2.28082598917
Pentax_OptioA40_3_32450.JPG -6.62797913143 10.278572824 -3.35675921118
Pentax_OptioA40_3_32451.JPG -11.7362288141 -2.2718301913 -1.23224744912
Pentax_OptioA40_3_32452.JPG -11.4766910573 1.01638733993 1.1953775278
Pentax_OptioA40_3_32453.JPG -8.32680037911 3.42767163941 -6.61567860052
Pentax_OptioA40_3_32454.JPG -7.5405342998 15.4753319842 -6.64745526829
Pentax_OptioA40_3_32455.JPG -11.7684128492 6.72700406001 -5.06573160091
Pentax_OptioA40_3_32456.JPG -11.4311353792 5.63457922321 -1.7348785905
Pentax_OptioA40_3_32457.JPG -10.1152542454 1.69814506977 -2.29751764419
Pentax_OptioA40_3_32458.JPG -18.32425427 -4.23107046804 4.08691405651
Pentax_OptioA40_3_32459.JPG -15.4561766731 -2.90659276298 -1.85539199738
Pentax_OptioA40_3_32460.JPG -14.4307909216 -4.43342394033 1.06702574037
Pentax_OptioA40_3_32461.JPG -18.7606877774 9.05759285423 -3.578651609
Pentax_OptioA40_3_32462.JPG -13.7584721025 8.57542032686 -6.8372591752
Pentax_OptioA40_3_32463.JPG -19.0186625876 7.09431571053 -2.3339747621
Pentax_OptioA40_3_32464.JPG -16.6589230235 0.817531641272 -3.3655582459
Pentax_OptioA40_3_32465.JPG -20.8939519115 -1.43549275447 1.9527490494
Pentax_OptioA40_3_32466.JPG -17.5186242281 0.226000290151 0.405019584225
Pentax_OptioA40_3_32467.JPG -20.6226626803 -6.5369717053 2.66324146978
Pentax_OptioA40_3_32468.JPG -17.2731018197 3.94391353117 -0.161327249631
Pentax_OptioA40_3_32469.JPG -14.6794982646 3.88320277395 -11.3485258279
Pentax_OptioA40_3_32470.JPG -14.8578758691 7.55710149977 -10.1629006005
Pentax_OptioA40_3_32475.JPG -11.5714747373 14.1294357792 -10.8254407927
Pentax_OptioA40_3_32476.JPG -16.5708520039 12.1964612162 1.38058277877
Pentax_OptioA40_3_32477.JPG -14.730345696 1.42603797847 0.283503010465
Pentax_OptioA40_3_32478.JPG -19.6101664119 -5.7396145979 -5.84025024727
Pentax_OptioA40_3_32479.JPG -17.7119920244 -1.27413672286 6.47611924934
Pentax_OptioA40_3_32480.JPG -21.4346784681 4.85754314029 2.11584389656
Pentax_OptioA40_3_32481.JPG -7.35028885104 3.29025262124 -13.4684516358
Pentax_OptioA40_3_32482.JPG -10.3283861139 4.71506446225 -10.7245301599
Pentax_OptioA40_3_32486.JPG -6.07819290288 -6.7448302125 -12.6701547088
Pentax_OptioA40_3_32487.JPG -6.7086382295 0.0350690598571 -4.08060665115
Pentax_OptioA40_3_32488.JPG -5.206127456 -0.755638040903 -1.48798413068
Pentax_OptioA40_3_32489.JPG -4.53347644843 1.27107293501 -3.08670623544
Pentax_OptioA40_3_32490.JPG -17.0833628744 -1.60413114238 -14.106747084
Pentax_OptioA40_3_32491.JPG -19.5401760503 -1.81085766158 -13.7395126093
Pentax_OptioA40_3_32492.JPG -3.78425668487 13.1226357623 -8.45989157669
Pentax_OptioA40_3_32493.JPG -3.64061435599 10.7257987452 -7.0035750294
Pentax_OptioA40_3_32494.JPG -8.49675968158 -1.17846134696 0.48300846637
Pentax_OptioA40_3_32495.JPG -6.04332087571 18.5913633436 1.31746034187
Pentax_OptioA40_3_32496.JPG 1.00941375166 1.46845004353 21.1375044074
Pentax_OptioA40_3_32497.JPG 1.11713003818 -1.64384135387 22.1277032555
Pentax_OptioA40_3_32498.JPG -0.986941251911 -0.334312689221 20.9948839763
Pentax_OptioA40_3_32499.JPG -16.733372741 12.5079778572 6.5325290478
Pentax_OptioA40_3_32500.JPG -16.929319234 10.6751165596 8.32832228971
