1080 3
Agfa_Sensor530s_0_2034.JPG 118.518318 33.566875 5.491759
Agfa_Sensor530s_0_2033.JPG 118.548485 33.572834 5.468473
Agfa_Sensor530s_0_2035.JPG 118.602997 33.552284 5.463400
Agfa_Sensor530s_0_2036.JPG 118.613800 33.510563 5.445005
Agfa_Sensor530s_0_2037.JPG 118.606422 33.545883 5.412186
Agfa_Sensor530s_0_2038.JPG 118.590485 33.547512 5.473828
Agfa_Sensor530s_0_2039.JPG 118.480400 33.630432 5.401280
Agfa_Sensor530s_0_2040.JPG 118.599396 33.637947 5.504220
Agfa_Sensor530s_0_2041.JPG 118.543236 33.634045 5.437221
Agfa_Sensor530s_0_2042.JPG 118.531738 33.624016 5.375468
Agfa_Sensor530s_0_2043.JPG 118.574532 33.607597 5.433807
Agfa_Sensor530s_0_2044.JPG 118.118744 33.921871 5.534146
Agfa_Sensor530s_0_2045.JPG 118.557259 33.486645 5.530372
Agfa_Sensor530s_0_2046.JPG 118.531448 33.541454 5.430221
Agfa_Sensor530s_0_2047.JPG 117.956276 34.018635 5.534340
Agfa_Sensor530s_0_2048.JPG 118.287697 33.553604 5.314961
Agfa_Sensor530s_0_2049.JPG 118.061577 33.221317 5.838341
Agfa_Sensor530s_0_2050.JPG 118.135109 33.873577 5.769142
Agfa_Sensor530s_0_2051.JPG 118.202179 33.773293 5.674799
Agfa_Sensor530s_0_2052.JPG 117.771568 33.048065 6.037802
Agfa_Sensor530s_0_2053.JPG 117.680229 34.136551 5.971693
Agfa_Sensor530s_0_2054.JPG 118.580971 33.540394 5.403983
Agfa_Sensor530s_0_2055.JPG 118.533012 33.649944 5.458366
Agfa_Sensor530s_0_2056.JPG 118.473839 33.496181 5.477038
Agfa_Sensor530s_0_2057.JPG 118.212151 33.717625 5.587322
Agfa_Sensor530s_0_2058.JPG 118.376343 33.354179 5.262159
Agfa_Sensor530s_0_2059.JPG 118.102509 33.551132 5.504146
Agfa_Sensor530s_0_2060.JPG 118.387779 33.771362 5.706689
Agfa_Sensor530s_0_2061.JPG 118.679001 33.526180 5.290245
Agfa_Sensor530s_0_2062.JPG 118.365089 33.574310 5.546311
Agfa_Sensor530s_0_2063.JPG 118.288857 33.844681 5.723142
Agfa_Sensor530s_0_2064.JPG 119.651550 33.472256 6.139181
Agfa_Sensor530s_0_2065.JPG 118.790726 33.806316 5.200095
Agfa_Sensor530s_0_2066.JPG 118.836578 33.218533 5.121272
Agfa_Sensor530s_0_2067.JPG 119.818031 33.451714 6.255644
Agfa_Sensor530s_0_2068.JPG 118.845520 33.959946 6.126064
Agfa_Sensor530s_0_2069.JPG 119.065956 33.113483 5.261054
Agfa_Sensor530s_0_2070.JPG 119.176323 32.771542 5.650869
Agfa_Sensor530s_0_2071.JPG 118.701134 32.723804 6.103865
Agfa_Sensor530s_0_2072.JPG 118.446190 34.206757 4.857247
Agfa_Sensor530s_0_2073.JPG 119.408417 33.808037 4.734769
Agfa_Sensor530s_0_2074.JPG 119.302391 34.467789 5.409986
Agfa_Sensor530s_0_2075.JPG 119.599678 32.981133 4.695621
Agfa_Sensor530s_0_2076.JPG 117.250175 33.933880 5.981904
Agfa_Sensor530s_0_2077.JPG 116.758614 34.046421 5.611276
Agfa_Sensor530s_0_2078.JPG 117.713974 31.478022 6.105236
Agfa_Sensor530s_0_2079.JPG 117.706421 31.414864 6.121668
Agfa_Sensor530s_0_2080.JPG 116.877701 33.736717 5.174261
Agfa_Sensor530s_0_2081.JPG 116.696732 34.080025 5.560634
Agfa_Sensor530s_0_2082.JPG 117.113594 34.287247 5.820697
Agfa_Sensor530s_0_2083.JPG 117.052818 33.182999 5.773997
Agfa_Sensor530s_0_2084.JPG 118.216156 35.308056 6.754807
Agfa_Sensor530s_0_2085.JPG 118.241348 35.373875 6.804872
Agfa_Sensor530s_0_2086.JPG 117.072235 33.412663 5.179820
Agfa_Sensor530s_0_2087.JPG 117.810707 33.483936 6.840333
Agfa_Sensor530s_0_2317.JPG 117.849823 32.928139 4.727446
Agfa_Sensor530s_0_2320.JPG 3287.443115 4114.269531 257.093140
Agfa_Sensor530s_0_2321.JPG 3287.443115 4114.269531 257.093140
Agfa_Sensor530s_0_2322.JPG 3287.443115 4114.269531 257.093140
Agfa_Sensor530s_0_2323.JPG 117.912598 34.520622 4.392062
Agfa_Sensor530s_0_2326.JPG 118.323387 33.404861 3.962802
Praktica_DCZ5.9_0_33686.JPG 112.817757 37.905548 6.821843
Praktica_DCZ5.9_0_33687.JPG 112.921295 37.903454 6.948423
Praktica_DCZ5.9_0_33688.JPG 112.538666 38.309052 7.035006
Praktica_DCZ5.9_0_33689.JPG 112.859161 37.979553 6.847158
Praktica_DCZ5.9_0_33690.JPG 112.981697 37.945854 6.825683
Praktica_DCZ5.9_0_33691.JPG 112.407181 37.926819 6.970807
Praktica_DCZ5.9_0_33692.JPG 112.907692 38.035103 6.888994
Praktica_DCZ5.9_0_33693.JPG 113.008438 37.927513 6.815849
Praktica_DCZ5.9_0_33694.JPG 112.184486 37.761452 7.178146
Praktica_DCZ5.9_0_33695.JPG 112.882088 37.930874 6.769556
Praktica_DCZ5.9_0_33696.JPG 112.986786 38.001999 6.712323
Praktica_DCZ5.9_0_33697.JPG 112.282585 37.803329 6.782394
Praktica_DCZ5.9_0_33698.JPG 112.525589 37.446896 6.268820
Praktica_DCZ5.9_0_33699.JPG 112.518608 37.144035 6.557705
Praktica_DCZ5.9_0_33700.JPG 112.228371 37.218700 6.696607
Praktica_DCZ5.9_0_33701.JPG 112.447487 38.569950 4.793870
Praktica_DCZ5.9_0_33702.JPG 116.155380 40.275211 4.380343
Praktica_DCZ5.9_0_33703.JPG 111.786659 40.574738 9.815728
Praktica_DCZ5.9_0_33704.JPG 112.423767 38.614113 4.678350
Praktica_DCZ5.9_0_33705.JPG 116.181709 40.295856 4.359076
Praktica_DCZ5.9_0_33706.JPG 111.777924 40.624878 9.856447
Praktica_DCZ5.9_0_33707.JPG 113.008080 37.888538 6.777834
Praktica_DCZ5.9_0_33708.JPG 112.851700 37.832630 6.768423
Praktica_DCZ5.9_0_33709.JPG 112.478577 38.303577 7.057928
Praktica_DCZ5.9_0_33710.JPG 112.867790 37.844307 6.950295
Praktica_DCZ5.9_0_33711.JPG 112.983810 37.824017 6.839963
Praktica_DCZ5.9_0_33712.JPG 112.487694 38.063728 7.108666
Praktica_DCZ5.9_0_33713.JPG 112.829971 38.042320 6.830932
Praktica_DCZ5.9_0_33714.JPG 112.995842 37.980289 6.750051
Praktica_DCZ5.9_0_33715.JPG 112.425240 38.176880 7.033372
Praktica_DCZ5.9_0_33716.JPG 112.531120 38.484966 7.045016
Praktica_DCZ5.9_0_33717.JPG 117.284172 43.225548 7.649976
Praktica_DCZ5.9_0_33718.JPG 114.490936 40.494804 6.818498
Praktica_DCZ5.9_0_33719.JPG 112.554634 38.121025 7.082814
Praktica_DCZ5.9_0_33720.JPG 116.908607 42.841625 7.304310
Praktica_DCZ5.9_0_33721.JPG 114.538208 40.573788 6.823397
Praktica_DCZ5.9_0_33722.JPG 117.341576 43.283367 7.697307
Praktica_DCZ5.9_0_33723.JPG 113.049660 37.865570 6.951928
Praktica_DCZ5.9_0_33724.JPG 113.066414 38.138008 6.717322
Praktica_DCZ5.9_0_33725.JPG 112.401787 38.384930 7.215374
Praktica_DCZ5.9_0_33726.JPG 113.336334 38.215900 6.661446
Praktica_DCZ5.9_0_33727.JPG 112.978127 38.067974 6.842946
Praktica_DCZ5.9_0_33728.JPG 113.126785 38.214756 6.732557
Praktica_DCZ5.9_0_33729.JPG 112.505295 38.567379 7.169536
Praktica_DCZ5.9_0_33730.JPG 111.611259 35.875549 7.349482
Praktica_DCZ5.9_0_33731.JPG 110.845146 36.076233 6.503850
Praktica_DCZ5.9_0_33732.JPG 111.865211 36.178169 7.359851
Praktica_DCZ5.9_0_33733.JPG 111.826347 37.412407 6.429815
Praktica_DCZ5.9_0_33734.JPG 111.687637 36.569244 6.638731
Praktica_DCZ5.9_0_33735.JPG 110.817871 36.081104 6.501400
Praktica_DCZ5.9_0_33736.JPG 111.329521 35.547768 6.686714
Praktica_DCZ5.9_0_33737.JPG 108.366859 44.680222 4.964265
Praktica_DCZ5.9_0_33738.JPG 111.548065 37.036301 7.367332
Praktica_DCZ5.9_0_33739.JPG 111.911072 37.015804 7.394084
Praktica_DCZ5.9_0_33740.JPG 108.361267 44.692669 4.962995
Praktica_DCZ5.9_0_33741.JPG 111.888214 35.370262 6.948778
Praktica_DCZ5.9_0_33742.JPG 119.907249 62.833069 -0.917590
Praktica_DCZ5.9_0_33743.JPG 119.911278 62.834572 -0.917741
Praktica_DCZ5.9_0_33744.JPG 112.853470 37.941250 6.616637
Praktica_DCZ5.9_0_33745.JPG 112.322945 38.256695 7.153335
Praktica_DCZ5.9_0_33746.JPG 113.221176 38.090767 6.681909
Praktica_DCZ5.9_0_33747.JPG 113.198128 37.925259 7.041821
Praktica_DCZ5.9_0_33748.JPG 109.869545 39.474392 8.047108
Praktica_DCZ5.9_0_33749.JPG 113.892639 39.096283 5.441377
Praktica_DCZ5.9_0_33750.JPG 113.197472 37.640045 6.341287
Praktica_DCZ5.9_0_33751.JPG 112.323128 38.473316 7.035836
Praktica_DCZ5.9_0_33752.JPG 112.506485 38.798767 6.962181
Praktica_DCZ5.9_0_33753.JPG 113.444405 38.402946 6.482051
Praktica_DCZ5.9_0_33754.JPG 113.950455 39.142155 5.356164
Praktica_DCZ5.9_0_33755.JPG 112.899666 37.176613 6.656842
Praktica_DCZ5.9_0_33756.JPG 112.343636 37.125416 6.894755
Praktica_DCZ5.9_0_33757.JPG 112.512131 38.437313 7.494432
Praktica_DCZ5.9_0_33758.JPG 112.752983 37.092617 6.954752
Praktica_DCZ5.9_0_33759.JPG 112.528877 37.189442 6.713055
Praktica_DCZ5.9_0_33760.JPG 112.099686 37.438175 6.453528
Praktica_DCZ5.9_0_33761.JPG 113.519211 37.839165 6.308804
Praktica_DCZ5.9_0_33762.JPG 113.703140 38.505936 6.446783
Praktica_DCZ5.9_0_33763.JPG 112.435684 38.754501 7.107763
Praktica_DCZ5.9_0_33764.JPG 113.342239 38.199219 7.091172
Praktica_DCZ5.9_0_33765.JPG 112.769928 37.531303 6.660629
Praktica_DCZ5.9_0_33766.JPG 112.369377 38.419537 7.472022
Praktica_DCZ5.9_0_33767.JPG 111.623322 36.881435 7.408116
Praktica_DCZ5.9_0_33768.JPG 112.746941 37.259712 7.040833
Praktica_DCZ5.9_0_33769.JPG 112.348648 36.927128 6.650814
Praktica_DCZ5.9_0_33770.JPG 115.679771 51.726357 11.594305
Praktica_DCZ5.9_0_33771.JPG 115.683060 51.730698 11.595717
Praktica_DCZ5.9_0_33772.JPG 113.264168 37.415966 7.340313
Praktica_DCZ5.9_0_33773.JPG 114.129997 37.313408 6.631115
Praktica_DCZ5.9_0_33774.JPG 112.277145 38.495827 6.777741
Praktica_DCZ5.9_0_33775.JPG 111.937164 38.316677 6.592803
Praktica_DCZ5.9_0_33776.JPG 111.799805 38.021755 6.892915
Praktica_DCZ5.9_0_33777.JPG 113.077385 37.855968 6.155669
Praktica_DCZ5.9_0_33778.JPG 112.811035 37.586605 5.897817
Praktica_DCZ5.9_0_33779.JPG 113.484894 38.178253 6.400798
Praktica_DCZ5.9_0_33780.JPG 112.841835 38.886463 5.948986
Praktica_DCZ5.9_0_33781.JPG 112.017815 38.478748 6.636425
Praktica_DCZ5.9_0_33782.JPG 113.692932 42.857071 5.011652
Praktica_DCZ5.9_0_33783.JPG 113.695854 42.872478 5.005164
Praktica_DCZ5.9_0_33784.JPG 113.219574 37.132923 5.633567
Praktica_DCZ5.9_0_33785.JPG 113.675407 38.725666 7.148818
Praktica_DCZ5.9_0_33786.JPG 111.855827 38.759239 6.398510
Praktica_DCZ5.9_0_33787.JPG 111.927361 38.812576 6.403458
Praktica_DCZ5.9_0_33788.JPG 111.949898 37.184998 5.772738
Praktica_DCZ5.9_0_33789.JPG 111.902580 37.278507 5.820312
Praktica_DCZ5.9_0_33790.JPG 114.085228 36.410717 5.292360
Praktica_DCZ5.9_0_33791.JPG 114.147842 36.404190 5.232362
Praktica_DCZ5.9_0_33792.JPG 111.563232 44.374290 9.132658
Praktica_DCZ5.9_0_33793.JPG 111.561699 44.383827 9.136638
Praktica_DCZ5.9_0_33794.JPG 112.458504 35.964939 5.930925
Praktica_DCZ5.9_0_33795.JPG 111.450577 35.992725 6.434893
Praktica_DCZ5.9_0_33796.JPG 111.639412 38.468533 9.176689
Praktica_DCZ5.9_0_33797.JPG 111.640900 38.519058 9.214991
Praktica_DCZ5.9_0_33798.JPG 112.706871 38.020607 5.895600
Praktica_DCZ5.9_0_33799.JPG 113.185402 37.792370 5.591544
Praktica_DCZ5.9_0_33800.JPG 124.527245 43.389359 -7.052716
Praktica_DCZ5.9_0_33801.JPG 124.537781 43.394699 -7.053893
Praktica_DCZ5.9_0_33802.JPG 112.086197 36.475971 6.442707
Praktica_DCZ5.9_0_33803.JPG 113.923203 38.262104 7.419252
Praktica_DCZ5.9_0_33804.JPG 111.146423 37.037582 7.187148
Praktica_DCZ5.9_0_33805.JPG 112.510979 39.015060 7.241771
Praktica_DCZ5.9_0_33806.JPG 112.025246 35.644485 6.861995
Praktica_DCZ5.9_0_33807.JPG 111.405891 36.411911 7.209842
Praktica_DCZ5.9_0_33808.JPG 130.089676 45.809467 13.569756
Praktica_DCZ5.9_0_33809.JPG 130.083542 45.808693 13.570006
Praktica_DCZ5.9_0_33810.JPG 111.755989 37.283546 6.555065
Praktica_DCZ5.9_0_33811.JPG 112.580742 36.901859 7.256031
Praktica_DCZ5.9_0_33812.JPG 111.754501 36.730640 7.215403
Praktica_DCZ5.9_0_33813.JPG 111.381699 37.852474 7.019073
Praktica_DCZ5.9_0_33814.JPG 113.616425 37.213806 7.380638
Praktica_DCZ5.9_0_33815.JPG 113.253494 37.193394 7.139539
Praktica_DCZ5.9_0_33816.JPG 111.660408 38.337593 7.670434
Praktica_DCZ5.9_0_33817.JPG 113.099701 36.984707 7.656839
Praktica_DCZ5.9_0_33818.JPG 112.754112 37.264244 7.849014
Praktica_DCZ5.9_0_33819.JPG 111.282135 38.691826 7.553651
Praktica_DCZ5.9_0_33820.JPG 113.399773 36.882240 7.082329
Praktica_DCZ5.9_0_33821.JPG 112.444405 37.210770 7.727480
Praktica_DCZ5.9_0_33822.JPG 110.664108 40.257122 6.766963
Praktica_DCZ5.9_0_33823.JPG 110.619659 40.327457 6.764877
Praktica_DCZ5.9_0_33824.JPG 112.761742 36.828438 6.880583
Praktica_DCZ5.9_0_33825.JPG 113.813850 37.332672 6.293685
Praktica_DCZ5.9_0_33826.JPG 112.066917 39.156258 7.365428
Praktica_DCZ5.9_0_33827.JPG 114.202332 36.892849 6.394130
Praktica_DCZ5.9_0_33828.JPG 113.222481 36.799416 8.086140
Praktica_DCZ5.9_0_33829.JPG 111.243622 37.507275 7.297307
Praktica_DCZ5.9_0_33830.JPG 113.584236 36.187996 6.799681
Praktica_DCZ5.9_0_33831.JPG 112.250923 36.811131 8.196774
Praktica_DCZ5.9_0_33832.JPG 111.872559 38.110428 8.130217
Praktica_DCZ5.9_0_33833.JPG 116.462357 38.983055 8.148088
Praktica_DCZ5.9_0_33834.JPG 116.522316 39.001301 8.172392
Praktica_DCZ5.9_0_33835.JPG 112.083282 37.558247 5.430120
Praktica_DCZ5.9_0_33836.JPG 112.880554 36.016823 6.255106
Praktica_DCZ5.9_0_33837.JPG 111.349411 38.092236 6.503331
Praktica_DCZ5.9_0_33838.JPG 111.035629 37.868988 6.197734
Praktica_DCZ5.9_0_33839.JPG 111.469757 39.365067 5.974477
Praktica_DCZ5.9_0_33840.JPG 112.970268 38.316349 5.362164
Praktica_DCZ5.9_0_33841.JPG 113.856972 37.607899 5.655579
Praktica_DCZ5.9_0_33842.JPG 113.779076 37.427353 5.891598
Praktica_DCZ5.9_0_33843.JPG 111.984077 37.652191 5.305799
Praktica_DCZ5.9_0_33844.JPG 111.367805 39.452953 5.818642
Praktica_DCZ5.9_0_33845.JPG 111.862732 37.680878 7.960647
Praktica_DCZ5.9_0_33846.JPG 113.450462 36.521492 7.545062
Praktica_DCZ5.9_0_33847.JPG 111.618111 37.118523 7.034238
Praktica_DCZ5.9_0_33848.JPG 112.871941 38.879543 7.914104
Praktica_DCZ5.9_0_33849.JPG 112.246429 36.932438 6.721400
Praktica_DCZ5.9_0_33850.JPG 113.185921 36.319801 7.378701
Praktica_DCZ5.9_0_33851.JPG 111.490829 38.052265 8.000041
Praktica_DCZ5.9_0_33852.JPG 112.388481 36.216999 6.215265
Praktica_DCZ5.9_0_33853.JPG 112.557312 36.426586 5.998030
Praktica_DCZ5.9_0_33854.JPG 110.966850 38.786907 7.162621
Praktica_DCZ5.9_0_33855.JPG 114.101189 37.489887 7.254809
Praktica_DCZ5.9_0_33856.JPG 113.923653 37.984707 7.823773
Praktica_DCZ5.9_0_33857.JPG 111.361588 38.171211 8.466431
Praktica_DCZ5.9_0_33858.JPG 111.125175 38.578255 7.296505
Praktica_DCZ5.9_0_33859.JPG 111.877151 36.096203 6.894927
Praktica_DCZ5.9_0_33860.JPG 112.483940 35.785950 7.569665
Praktica_DCZ5.9_0_33861.JPG 111.611359 39.182102 7.714912
Praktica_DCZ5.9_0_33862.JPG 114.143600 37.991730 8.131717
Praktica_DCZ5.9_0_33863.JPG 114.553329 37.270126 7.530667
Praktica_DCZ5.9_0_33864.JPG 112.107582 39.745453 6.775609
Praktica_DCZ5.9_0_33865.JPG 113.000343 39.055267 5.682176
Praktica_DCZ5.9_0_33866.JPG 113.629875 39.825798 6.156277
Praktica_DCZ5.9_0_33867.JPG 113.988327 39.053139 7.982213
Praktica_DCZ5.9_0_33868.JPG 114.096405 38.915886 6.478212
Praktica_DCZ5.9_0_33869.JPG 114.589119 38.837330 6.273893
Praktica_DCZ5.9_0_33870.JPG 112.428894 39.849400 6.382363
Praktica_DCZ5.9_0_33871.JPG 111.742577 39.581940 7.579515
Praktica_DCZ5.9_0_33872.JPG 111.969887 39.556385 8.020643
Praktica_DCZ5.9_0_33873.JPG 113.155006 39.324615 8.027376
Praktica_DCZ5.9_0_33874.JPG 112.566978 40.102608 8.143550
Praktica_DCZ5.9_0_33875.JPG 112.831291 39.443897 8.632313
Praktica_DCZ5.9_0_33876.JPG 112.816582 38.489223 8.684305
Praktica_DCZ5.9_0_33877.JPG 113.644890 38.793446 8.892838
Praktica_DCZ5.9_0_33878.JPG 113.141510 37.639240 8.629079
Praktica_DCZ5.9_0_33879.JPG 113.004997 37.514847 8.452328
Praktica_DCZ5.9_0_33880.JPG 113.293900 36.641121 5.932569
Praktica_DCZ5.9_0_33881.JPG 114.346207 37.013954 7.556993
Praktica_DCZ5.9_0_33882.JPG 112.735870 36.864082 5.424224
Praktica_DCZ5.9_0_33883.JPG 112.700844 65.499504 29.976404
Praktica_DCZ5.9_0_33884.JPG 112.706749 65.505981 29.978243
Praktica_DCZ5.9_0_33885.JPG 114.553268 37.132416 6.097940
Praktica_DCZ5.9_0_33886.JPG 114.064102 38.286579 4.914025
Praktica_DCZ5.9_0_33887.JPG 114.976715 38.386627 5.888233
Praktica_DCZ5.9_0_33888.JPG 114.680801 38.030231 5.273397
Praktica_DCZ5.9_0_33889.JPG 115.097786 38.580597 7.228224
Praktica_DCZ5.9_0_33890.JPG 114.407677 39.536011 7.430389
Praktica_DCZ5.9_0_33891.JPG 112.894226 40.345200 7.249429
Praktica_DCZ5.9_0_33892.JPG 112.904335 40.517895 7.041958
Praktica_DCZ5.9_0_33893.JPG 114.798363 39.164608 6.878311
Praktica_DCZ5.9_0_33894.JPG 115.114349 37.524475 6.695942
Praktica_DCZ5.9_1_34099.JPG 111.471352 31.593872 6.488180
Praktica_DCZ5.9_1_34100.JPG 111.902443 32.066734 6.249474
Praktica_DCZ5.9_1_34101.JPG 111.073982 31.565187 6.547065
Praktica_DCZ5.9_1_34102.JPG 111.627602 31.496946 6.443527
Praktica_DCZ5.9_1_34103.JPG 111.610428 31.686995 6.388292
Praktica_DCZ5.9_1_34105.JPG 110.776680 31.882591 6.807582
Praktica_DCZ5.9_1_34106.JPG 111.541176 31.550276 6.400990
Praktica_DCZ5.9_1_34107.JPG 111.911163 31.675238 6.253919
Praktica_DCZ5.9_1_34108.JPG 110.384064 31.919289 6.484220
Praktica_DCZ5.9_1_34109.JPG 111.323959 31.801321 6.573332
Praktica_DCZ5.9_1_34110.JPG 111.680885 31.696119 6.367984
Praktica_DCZ5.9_1_34111.JPG 110.718056 32.922729 6.836782
Praktica_DCZ5.9_1_34112.JPG 111.993774 32.266541 6.910373
Praktica_DCZ5.9_1_34113.JPG 111.672333 32.457088 6.743566
Praktica_DCZ5.9_1_34114.JPG 110.860840 31.917820 7.054817
Praktica_DCZ5.9_1_34115.JPG 112.065407 31.538689 6.649832
Praktica_DCZ5.9_1_34116.JPG 111.861382 31.418386 6.636190
Praktica_DCZ5.9_1_34117.JPG 110.897980 31.867889 6.933685
Praktica_DCZ5.9_1_34118.JPG 112.264336 31.506359 6.852467
Praktica_DCZ5.9_1_34119.JPG 112.097580 32.169701 7.110715
Praktica_DCZ5.9_1_34120.JPG 110.888046 34.763363 6.514087
Praktica_DCZ5.9_1_34121.JPG 111.815437 31.792505 6.146585
Praktica_DCZ5.9_1_34122.JPG 111.433144 31.912035 6.393452
Praktica_DCZ5.9_1_34123.JPG 111.025719 31.123346 6.290684
Praktica_DCZ5.9_1_34124.JPG 111.767990 31.887646 6.542277
Praktica_DCZ5.9_1_34125.JPG 111.736877 31.939476 6.097428
Praktica_DCZ5.9_1_34126.JPG 110.856125 32.498631 6.830937
Praktica_DCZ5.9_1_34127.JPG 111.412514 31.264858 6.391659
Praktica_DCZ5.9_1_34128.JPG 111.895653 31.461620 6.547523
Praktica_DCZ5.9_1_34129.JPG 110.987572 31.826483 6.940615
Praktica_DCZ5.9_1_34130.JPG 110.913406 31.046667 6.677066
Praktica_DCZ5.9_1_34131.JPG 111.719414 31.356869 6.442528
Praktica_DCZ5.9_1_34132.JPG 111.828888 31.433264 6.501411
Praktica_DCZ5.9_1_34133.JPG 111.790070 31.298872 6.353192
Praktica_DCZ5.9_1_34134.JPG 109.892578 29.078325 5.418650
Praktica_DCZ5.9_1_34135.JPG 109.873497 29.041594 5.398947
Praktica_DCZ5.9_1_34136.JPG 111.413666 31.555220 6.165529
Praktica_DCZ5.9_1_34137.JPG 111.688782 31.480434 6.464549
Praktica_DCZ5.9_1_34138.JPG 110.981361 31.103441 6.358128
Praktica_DCZ5.9_1_34139.JPG 111.522018 31.359390 6.046806
Praktica_DCZ5.9_1_34140.JPG 111.617889 31.210461 6.232215
Praktica_DCZ5.9_1_34141.JPG 110.892403 31.130203 6.477577
Praktica_DCZ5.9_1_34142.JPG 111.620491 34.787056 6.032215
Praktica_DCZ5.9_1_34143.JPG 110.728493 34.770714 7.617352
Praktica_DCZ5.9_1_34144.JPG 111.497284 34.574600 5.881528
Praktica_DCZ5.9_1_34145.JPG 111.124954 32.997192 7.227644
Praktica_DCZ5.9_1_34146.JPG 111.839630 33.425793 7.842082
Praktica_DCZ5.9_1_34147.JPG 111.281433 34.059822 7.223611
Praktica_DCZ5.9_1_34148.JPG 111.846535 34.270065 6.815333
Praktica_DCZ5.9_1_34149.JPG 111.347496 34.407345 6.632798
Praktica_DCZ5.9_1_34150.JPG 111.107864 33.215229 7.411996
Praktica_DCZ5.9_1_34151.JPG 110.979935 33.770805 6.330633
Praktica_DCZ5.9_1_34152.JPG 111.553513 34.164921 6.922557
Praktica_DCZ5.9_1_34153.JPG 111.575706 34.385998 6.887531
Praktica_DCZ5.9_1_34154.JPG 111.867516 31.777391 6.032423
Praktica_DCZ5.9_1_34155.JPG 111.756424 31.768627 6.316173
Praktica_DCZ5.9_1_34156.JPG 110.771973 31.265787 6.535705
Praktica_DCZ5.9_1_34157.JPG 111.954117 31.729488 5.998783
Praktica_DCZ5.9_1_34158.JPG 111.569160 31.185966 6.053725
Praktica_DCZ5.9_1_34159.JPG 110.880669 31.606894 6.360877
Praktica_DCZ5.9_1_34160.JPG 111.806183 31.054411 5.929054
Praktica_DCZ5.9_1_34161.JPG 112.539680 30.689575 6.205206
Praktica_DCZ5.9_1_34162.JPG 110.428116 30.610018 6.646862
Praktica_DCZ5.9_1_34163.JPG 110.469246 30.541403 6.695055
Praktica_DCZ5.9_1_34164.JPG 111.812698 30.853573 5.791550
Praktica_DCZ5.9_1_34165.JPG 112.609695 30.605255 6.124160
Praktica_DCZ5.9_1_34166.JPG 111.699188 32.815361 7.871235
Praktica_DCZ5.9_1_34167.JPG 111.794319 32.785313 7.966021
Praktica_DCZ5.9_1_34168.JPG 110.548019 31.175066 6.873166
Praktica_DCZ5.9_1_34169.JPG 111.068382 32.622719 6.436404
Praktica_DCZ5.9_1_34170.JPG 111.316223 32.721672 6.728415
Praktica_DCZ5.9_1_34171.JPG 110.683327 32.412994 7.012299
Praktica_DCZ5.9_1_34172.JPG 112.564667 31.760225 5.646126
Praktica_DCZ5.9_1_34173.JPG 112.005112 31.291115 5.606810
Praktica_DCZ5.9_1_34174.JPG 110.663826 30.940565 6.081799
Praktica_DCZ5.9_1_34175.JPG 111.304634 31.334234 5.467579
Praktica_DCZ5.9_1_34176.JPG 110.860344 31.887770 5.829110
Praktica_DCZ5.9_1_34177.JPG 110.450394 30.972565 6.152164
Praktica_DCZ5.9_1_34178.JPG 110.652954 33.228493 6.769913
Praktica_DCZ5.9_1_34179.JPG 111.744133 32.336620 7.530242
Praktica_DCZ5.9_1_34180.JPG 111.957153 32.500900 7.416318
Praktica_DCZ5.9_1_34181.JPG 112.315918 30.718561 7.338564
Praktica_DCZ5.9_1_34182.JPG 111.368340 31.825052 7.426228
Praktica_DCZ5.9_1_34183.JPG 110.338394 32.197929 7.033015
Praktica_DCZ5.9_1_34184.JPG 111.212547 30.299456 6.225828
Praktica_DCZ5.9_1_34185.JPG 111.688812 30.754091 7.365689
Praktica_DCZ5.9_1_34186.JPG 111.926682 30.938328 7.199008
Praktica_DCZ5.9_1_34187.JPG 112.977020 31.695923 6.380043
Praktica_DCZ5.9_1_34188.JPG 112.398117 30.981627 6.918082
Praktica_DCZ5.9_1_34189.JPG 108.627350 26.769897 6.770444
Praktica_DCZ5.9_1_34190.JPG 113.021980 31.710318 6.357373
Praktica_DCZ5.9_1_34191.JPG 112.977486 31.409010 7.404169
Praktica_DCZ5.9_1_34192.JPG 108.608063 26.733746 6.771568
Praktica_DCZ5.9_1_34193.JPG 113.362984 27.620516 5.571439
Praktica_DCZ5.9_1_34194.JPG 113.371117 27.600807 5.566548
Praktica_DCZ5.9_1_34195.JPG 112.319237 30.262222 6.894674
Praktica_DCZ5.9_1_34196.JPG 113.574944 31.355152 6.971294
Praktica_DCZ5.9_1_34197.JPG 110.658173 29.990799 7.168219
Praktica_DCZ5.9_1_34198.JPG 110.823120 29.980257 7.187571
Praktica_DCZ5.9_1_34199.JPG 112.522057 33.637604 6.436549
Praktica_DCZ5.9_1_34200.JPG 112.095482 30.853939 4.439917
Praktica_DCZ5.9_1_34201.JPG 109.761772 31.829262 7.633434
Praktica_DCZ5.9_1_34202.JPG 112.023582 30.990427 4.832971
Praktica_DCZ5.9_1_34203.JPG 112.148628 30.769470 4.333257
Praktica_DCZ5.9_1_34204.JPG 109.678802 31.697191 7.610825
Praktica_DCZ5.9_1_34205.JPG 110.863914 34.811771 7.768239
Praktica_DCZ5.9_1_34206.JPG 112.110786 34.717224 7.081395
Praktica_DCZ5.9_1_34207.JPG 112.227417 34.427414 6.598120
Praktica_DCZ5.9_1_34208.JPG 111.008545 31.068789 7.635165
Praktica_DCZ5.9_1_34209.JPG 111.698959 31.345955 7.715258
Praktica_DCZ5.9_1_34211.JPG 111.741745 31.300106 7.737699
Praktica_DCZ5.9_1_34212.JPG 117.139282 23.404604 1.745172
Praktica_DCZ5.9_1_34213.JPG 117.141335 23.400763 1.743093
Praktica_DCZ5.9_1_34214.JPG 112.297501 33.610016 6.864181
Praktica_DCZ5.9_1_34215.JPG 112.669991 30.886591 5.475389
Praktica_DCZ5.9_1_34216.JPG 111.280579 29.678553 7.045367
Praktica_DCZ5.9_1_34217.JPG 111.250267 29.783091 7.012208
Praktica_DCZ5.9_1_34218.JPG 112.521370 33.797867 6.913683
Praktica_DCZ5.9_1_34220.JPG 110.291367 33.171780 7.319186
Praktica_DCZ5.9_1_34221.JPG 109.693871 33.182617 7.008361
Praktica_DCZ5.9_1_34222.JPG 109.824112 31.897778 5.931861
Praktica_DCZ5.9_1_34223.JPG 113.265549 32.355072 6.576893
Praktica_DCZ5.9_1_34224.JPG 110.759865 32.475613 7.718039
Praktica_DCZ5.9_1_34225.JPG 108.080513 30.986345 5.792682
Praktica_DCZ5.9_1_34226.JPG 108.040802 30.958916 5.788061
Praktica_DCZ5.9_1_34227.JPG 112.017914 32.680740 6.220531
Praktica_DCZ5.9_1_34228.JPG 111.535759 32.309513 5.413254
Praktica_DCZ5.9_1_34229.JPG 110.311623 32.241161 6.694858
Praktica_DCZ5.9_1_34230.JPG 112.229935 32.124603 5.161304
Praktica_DCZ5.9_1_34231.JPG 111.834953 33.166893 5.803864
Praktica_DCZ5.9_1_34232.JPG 112.036438 32.321629 4.962071
Praktica_DCZ5.9_1_34233.JPG 111.346886 32.490654 5.255197
Praktica_DCZ5.9_1_34234.JPG 109.976166 31.806816 6.090871
Praktica_DCZ5.9_1_34235.JPG 112.236099 32.589672 4.996812
Praktica_DCZ5.9_1_34236.JPG 112.625061 32.295040 5.251493
Praktica_DCZ5.9_1_34237.JPG 109.636497 32.194294 5.821619
Praktica_DCZ5.9_1_34238.JPG 112.321266 33.072319 5.906831
Praktica_DCZ5.9_1_34239.JPG 111.766289 32.904827 6.317430
Praktica_DCZ5.9_1_34240.JPG 109.918587 32.371284 5.538330
Praktica_DCZ5.9_1_34241.JPG 112.403275 32.460224 7.468714
Praktica_DCZ5.9_1_34242.JPG 112.787704 33.248100 6.144821
Praktica_DCZ5.9_1_34243.JPG 110.174782 30.597910 5.666207
Praktica_DCZ5.9_1_34244.JPG 111.580070 33.671928 5.585615
Praktica_DCZ5.9_1_34245.JPG 110.907677 33.081814 5.089369
Praktica_DCZ5.9_1_34246.JPG 110.445320 33.406235 5.370399
Praktica_DCZ5.9_1_34247.JPG 113.718353 32.784397 6.333674
Praktica_DCZ5.9_1_34248.JPG 110.829430 33.864487 5.903920
Praktica_DCZ5.9_1_34249.JPG 110.168495 33.387146 6.655146
Praktica_DCZ5.9_1_34250.JPG 114.296783 30.022058 6.624249
Praktica_DCZ5.9_1_34251.JPG 114.374359 29.968191 6.615770
Praktica_DCZ5.9_1_34252.JPG 113.657494 30.786322 6.863012
Praktica_DCZ5.9_1_34253.JPG 113.837074 30.760040 6.792113
Praktica_DCZ5.9_1_34254.JPG 110.241768 30.619204 7.814894
Praktica_DCZ5.9_1_34255.JPG 110.745667 30.740747 8.526194
Praktica_DCZ5.9_1_34256.JPG 110.187599 30.181479 7.233632
Praktica_DCZ5.9_1_34257.JPG 112.838768 31.638908 7.218258
Praktica_DCZ5.9_1_34258.JPG 108.521286 22.401642 2.066248
Praktica_DCZ5.9_1_34259.JPG 108.516266 22.395784 2.063359
Praktica_DCZ5.9_1_34260.JPG 112.443222 30.612675 8.060678
Praktica_DCZ5.9_1_34261.JPG 111.328461 29.992023 8.146413
Praktica_DCZ5.9_1_34262.JPG 109.613480 31.491304 6.611985
Praktica_DCZ5.9_1_34263.JPG 112.475861 33.475101 5.056882
Praktica_DCZ5.9_1_34264.JPG 113.072929 33.707115 5.641804
Praktica_DCZ5.9_1_34265.JPG 110.525139 30.783060 4.898001
Praktica_DCZ5.9_1_34266.JPG 110.652840 32.472847 4.558613
Praktica_DCZ5.9_1_34267.JPG 110.820122 33.276047 5.549238
Praktica_DCZ5.9_1_34268.JPG 109.593567 30.697664 5.604554
Praktica_DCZ5.9_1_34269.JPG 110.816589 32.104893 8.411201
Praktica_DCZ5.9_1_34270.JPG 113.231743 32.920815 7.160563
Praktica_DCZ5.9_1_34271.JPG 110.019516 31.613070 5.045775
Praktica_DCZ5.9_1_34272.JPG 111.539795 31.762939 4.712309
Praktica_DCZ5.9_1_34273.JPG 113.108032 32.572861 5.683918
Praktica_DCZ5.9_1_34274.JPG 109.208984 32.078205 6.021619
Praktica_DCZ5.9_1_34275.JPG 109.513214 33.145397 6.419298
Praktica_DCZ5.9_1_34276.JPG 111.373192 33.814194 7.519376
Praktica_DCZ5.9_1_34277.JPG 109.212082 30.585762 7.008379
Praktica_DCZ5.9_1_34278.JPG 111.119743 31.408730 4.461663
Praktica_DCZ5.9_1_34279.JPG 113.358521 31.490498 5.381950
Praktica_DCZ5.9_1_34280.JPG 110.829483 29.855520 5.128290
Praktica_DCZ5.9_1_34281.JPG 111.814072 29.899040 6.019194
Praktica_DCZ5.9_1_34282.JPG 113.059418 23.355276 7.463609
Praktica_DCZ5.9_1_34283.JPG 113.064240 23.346230 7.464770
Praktica_DCZ5.9_1_34284.JPG 112.688339 30.084185 5.278585
Praktica_DCZ5.9_1_34285.JPG 110.583328 29.390421 6.342113
Praktica_DCZ5.9_1_34286.JPG 109.452118 30.029032 6.543200
Praktica_DCZ5.9_1_34287.JPG 113.077850 31.465948 4.206811
Praktica_DCZ5.9_1_34288.JPG 113.666885 31.935263 4.991322
Praktica_DCZ5.9_1_34289.JPG 109.022873 31.014511 7.340596
Praktica_DCZ5.9_1_34290.JPG 109.773674 30.844263 8.343472
Praktica_DCZ5.9_1_34291.JPG 114.799324 5.449289 10.448232
Praktica_DCZ5.9_1_34292.JPG 114.821342 4.316523 10.930524
Praktica_DCZ5.9_1_34293.JPG 114.803505 4.306959 10.933243
Praktica_DCZ5.9_1_34294.JPG 111.959045 29.563137 4.792027
Praktica_DCZ5.9_1_34295.JPG 113.444939 30.388754 7.657205
Praktica_DCZ5.9_1_34296.JPG 112.783798 29.487329 7.397635
Praktica_DCZ5.9_1_34297.JPG 112.456482 28.994635 6.338909
Praktica_DCZ5.9_1_34298.JPG 110.537506 28.823610 7.766252
Praktica_DCZ5.9_1_34299.JPG 110.544136 28.766226 7.813475
Praktica_DCZ5.9_1_34300.JPG 112.887573 29.244242 6.211699
Praktica_DCZ5.9_1_34301.JPG 112.586136 29.169584 7.748837
Praktica_DCZ5.9_2_34511.JPG 113.287636 34.647957 11.158327
Praktica_DCZ5.9_2_34512.JPG 113.357857 34.269714 10.541143
Praktica_DCZ5.9_2_34513.JPG 112.274048 34.923199 11.974214
Praktica_DCZ5.9_2_34514.JPG 113.051842 33.990669 11.734369
Praktica_DCZ5.9_2_34515.JPG 113.196297 34.054932 11.608194
Praktica_DCZ5.9_2_34516.JPG 112.123985 34.894241 11.254849
Praktica_DCZ5.9_2_34517.JPG 113.162567 34.014641 11.696882
Praktica_DCZ5.9_2_34518.JPG 113.186493 34.075878 11.651401
Praktica_DCZ5.9_2_34519.JPG 111.964424 34.632137 10.682689
Praktica_DCZ5.9_2_34520.JPG 112.630463 33.701572 11.278663
Praktica_DCZ5.9_2_34521.JPG 112.055557 31.166340 11.803989
Praktica_DCZ5.9_2_34522.JPG 111.143112 34.653633 10.988493
Praktica_DCZ5.9_2_34523.JPG 112.165520 33.349754 10.076340
Praktica_DCZ5.9_2_34524.JPG 112.022812 31.051556 11.811263
Praktica_DCZ5.9_2_34525.JPG 111.352135 35.663433 8.802824
Praktica_DCZ5.9_2_34526.JPG 112.967751 33.818470 11.301260
Praktica_DCZ5.9_2_34527.JPG 115.696991 31.770483 20.663799
Praktica_DCZ5.9_2_34528.JPG 111.628868 35.065559 10.742856
Praktica_DCZ5.9_2_34529.JPG 879.505859 -88.270454 -1.219207
Praktica_DCZ5.9_2_34530.JPG 879.458130 -88.276604 -1.219111
Praktica_DCZ5.9_2_34531.JPG 115.702400 31.767929 20.672535
Praktica_DCZ5.9_2_34532.JPG 111.129517 35.271652 10.029737
Praktica_DCZ5.9_2_34533.JPG 117.807350 31.927883 15.295660
Praktica_DCZ5.9_2_34534.JPG 117.821007 31.922695 15.306713
Praktica_DCZ5.9_2_34535.JPG 113.234924 34.384457 11.404124
Praktica_DCZ5.9_2_34536.JPG 112.429390 34.844463 12.251822
Praktica_DCZ5.9_2_34537.JPG 113.495247 34.072578 11.117843
Praktica_DCZ5.9_2_34538.JPG 113.552864 34.433353 11.302648
Praktica_DCZ5.9_2_34539.JPG 112.859550 35.204796 11.188843
Praktica_DCZ5.9_2_34540.JPG 112.832161 33.919479 11.854606
Praktica_DCZ5.9_2_34541.JPG 113.044327 34.010624 11.825099
Praktica_DCZ5.9_2_34542.JPG 111.702576 35.103039 11.576681
Praktica_DCZ5.9_2_34543.JPG 111.830429 35.036259 11.662638
Praktica_DCZ5.9_2_34544.JPG 111.582428 35.192783 11.472715
Praktica_DCZ5.9_2_34545.JPG 112.723701 33.759365 12.121973
Praktica_DCZ5.9_2_34546.JPG 113.264534 33.459881 12.294614
Praktica_DCZ5.9_2_34547.JPG 111.980019 34.323895 13.300368
Praktica_DCZ5.9_2_34548.JPG 111.987198 34.323956 13.333448
Praktica_DCZ5.9_2_34549.JPG 113.043503 33.871880 12.062860
Praktica_DCZ5.9_2_34550.JPG 112.443329 35.007992 12.170671
Praktica_DCZ5.9_2_34551.JPG 112.836021 33.674152 11.978371
Praktica_DCZ5.9_2_34552.JPG 113.478806 33.640537 12.290032
Praktica_DCZ5.9_2_34553.JPG 113.065674 33.561821 12.178035
Praktica_DCZ5.9_2_34554.JPG 112.248322 35.093281 12.440145
Praktica_DCZ5.9_2_34555.JPG 111.833504 34.351906 8.527826
Praktica_DCZ5.9_2_34556.JPG 112.932938 35.060905 8.285252
Praktica_DCZ5.9_2_34557.JPG 111.049965 34.521683 8.854784
Praktica_DCZ5.9_2_34558.JPG 111.077751 34.492630 9.046432
Praktica_DCZ5.9_2_34559.JPG 111.143822 34.982704 10.022981
Praktica_DCZ5.9_2_34560.JPG 112.095078 35.224483 9.078528
Praktica_DCZ5.9_2_34561.JPG 113.086639 35.104809 8.482113
Praktica_DCZ5.9_2_34562.JPG 111.601974 35.140835 8.262141
Praktica_DCZ5.9_2_34563.JPG 107.491180 26.893475 15.446902
Praktica_DCZ5.9_2_34564.JPG 111.833130 34.998699 9.371894
Praktica_DCZ5.9_2_34565.JPG 111.490700 35.464718 9.486049
Praktica_DCZ5.9_2_34566.JPG 107.487122 26.886003 15.454000
Praktica_DCZ5.9_2_34567.JPG 112.913651 34.927082 7.636175
Praktica_DCZ5.9_2_34605.JPG 113.652550 34.339382 11.496131
Praktica_DCZ5.9_2_34606.JPG 112.303322 33.837772 11.382767
Praktica_DCZ5.9_2_34607.JPG 112.696327 35.176888 12.056993
Praktica_DCZ5.9_2_34608.JPG 113.907745 33.850891 11.485916
Praktica_DCZ5.9_2_34609.JPG 113.318314 34.144833 11.583564
Praktica_DCZ5.9_2_34610.JPG 112.548088 35.221306 11.951718
Praktica_DCZ5.9_2_34611.JPG 113.777359 33.299118 12.024048
Praktica_DCZ5.9_2_34612.JPG 112.717430 33.788319 12.534664
Praktica_DCZ5.9_2_34613.JPG 111.534134 35.576660 11.634813
Praktica_DCZ5.9_2_34614.JPG 111.958984 35.144279 12.600409
Praktica_DCZ5.9_2_34615.JPG 112.996597 33.595787 12.541783
Praktica_DCZ5.9_2_34616.JPG 113.739555 33.283432 11.948249
Praktica_DCZ5.9_2_34617.JPG 110.800812 32.334351 11.064581
Praktica_DCZ5.9_2_34618.JPG 110.767029 32.294537 11.088577
Praktica_DCZ5.9_2_34619.JPG 111.193550 32.718658 10.711435
Praktica_DCZ5.9_2_34620.JPG 112.104538 35.262321 11.431315
Praktica_DCZ5.9_2_34621.JPG 113.219086 34.574280 10.763238
Praktica_DCZ5.9_2_34622.JPG 113.191093 33.783024 10.497307
Praktica_DCZ5.9_2_34623.JPG 112.214539 35.757473 10.759229
Praktica_DCZ5.9_2_34625.JPG 113.099663 32.815449 11.553759
Praktica_DCZ5.9_2_34626.JPG 112.011536 33.569046 11.759967
Praktica_DCZ5.9_2_34627.JPG 112.368736 34.847984 12.943521
Praktica_DCZ5.9_2_34628.JPG 111.793716 33.570145 11.183837
Praktica_DCZ5.9_2_34629.JPG 112.644836 33.395477 10.776369
Praktica_DCZ5.9_2_34630.JPG 112.364754 35.451794 12.316457
Praktica_DCZ5.9_2_34631.JPG 111.481163 36.170975 10.615686
Praktica_DCZ5.9_2_34632.JPG 112.810844 34.339943 9.803391
Praktica_DCZ5.9_2_34633.JPG 112.732002 33.456997 9.788493
Praktica_DCZ5.9_2_34634.JPG 114.654808 28.853916 14.574324
Praktica_DCZ5.9_2_34635.JPG 114.663467 28.828297 14.590807
Praktica_DCZ5.9_2_34636.JPG 111.657944 29.899191 13.845557
Praktica_DCZ5.9_2_34637.JPG 111.645264 29.861982 13.868650
Praktica_DCZ5.9_2_34638.JPG 111.384674 35.585182 13.733337
Praktica_DCZ5.9_2_34639.JPG 111.320030 35.666756 13.842618
Praktica_DCZ5.9_2_34640.JPG 114.031105 34.348068 12.564532
Praktica_DCZ5.9_2_34641.JPG 112.846809 32.564358 11.934525
Praktica_DCZ5.9_2_34642.JPG 110.265755 34.788597 12.981992
Praktica_DCZ5.9_2_34643.JPG 110.202164 34.796787 13.030813
Praktica_DCZ5.9_2_34644.JPG 112.683105 32.784271 12.737464
Praktica_DCZ5.9_2_34645.JPG 112.939880 33.074303 12.877861
Praktica_DCZ5.9_2_34646.JPG 116.193497 30.436625 11.635167
Praktica_DCZ5.9_2_34647.JPG 112.242645 31.698526 10.656569
Praktica_DCZ5.9_2_34648.JPG 111.870064 37.178009 17.378107
Praktica_DCZ5.9_2_34649.JPG 116.205688 30.424305 11.646002
Praktica_DCZ5.9_2_34650.JPG 112.316086 31.654182 10.668162
Praktica_DCZ5.9_2_34651.JPG 111.867729 37.236515 17.463282
Praktica_DCZ5.9_2_34652.JPG 111.863258 37.252079 17.494287
Praktica_DCZ5.9_2_34653.JPG 114.391090 33.924168 13.902382
Praktica_DCZ5.9_2_34654.JPG 114.402596 33.910618 13.941646
Praktica_DCZ5.9_2_34655.JPG 111.729195 32.769253 11.950005
Praktica_DCZ5.9_2_34656.JPG 112.099167 32.550690 12.338195
Praktica_DCZ5.9_2_34657.JPG 110.504204 34.557701 10.432155
Praktica_DCZ5.9_2_34658.JPG 111.588486 34.167049 12.576910
Praktica_DCZ5.9_2_34659.JPG 113.727676 34.139904 8.015981
Praktica_DCZ5.9_2_34660.JPG 113.983963 34.466076 7.590233
Praktica_DCZ5.9_2_34661.JPG 110.168457 35.875172 11.672442
Praktica_DCZ5.9_2_34662.JPG 110.204697 35.912598 11.745851
Praktica_DCZ5.9_2_34663.JPG 112.795799 32.951866 10.839301
Praktica_DCZ5.9_2_34664.JPG 112.560600 32.715797 11.075655
Praktica_DCZ5.9_2_34665.JPG 116.779320 34.962727 13.373684
Praktica_DCZ5.9_2_34666.JPG 116.800140 34.963955 13.385918
Praktica_DCZ5.9_2_34667.JPG 110.544449 32.829731 12.494083
Praktica_DCZ5.9_2_34668.JPG 110.596901 32.824482 12.570775
Praktica_DCZ5.9_2_34669.JPG 111.608376 35.754929 9.386080
Praktica_DCZ5.9_2_34670.JPG 111.622025 34.658855 12.868748
Praktica_DCZ5.9_2_34671.JPG 112.941864 33.369743 9.190217
Praktica_DCZ5.9_2_34672.JPG 113.441452 34.294308 9.224170
Praktica_DCZ5.9_2_34673.JPG 112.480904 36.248222 9.944637
Praktica_DCZ5.9_2_34674.JPG 112.989868 35.914223 11.504567
Praktica_DCZ5.9_2_34675.JPG 113.327629 35.257198 9.921349
Praktica_DCZ5.9_2_34676.JPG 112.150734 34.048847 10.233315
Praktica_DCZ5.9_2_34677.JPG 113.271561 38.200825 12.451837
Praktica_DCZ5.9_2_34678.JPG 113.285614 38.224602 12.491135
Praktica_DCZ5.9_2_34679.JPG 114.459366 33.977150 11.290749
Praktica_DCZ5.9_2_34680.JPG 113.574150 35.018425 10.415533
Praktica_DCZ5.9_2_34681.JPG 112.865501 35.982891 11.663810
Praktica_DCZ5.9_2_34682.JPG 114.545433 34.325569 10.631396
Praktica_DCZ5.9_2_34683.JPG 114.409912 34.237000 10.480531
Praktica_DCZ5.9_2_34684.JPG 112.715858 36.337578 11.209641
Praktica_DCZ5.9_2_34685.JPG 117.804314 37.781754 15.680481
Praktica_DCZ5.9_2_34686.JPG 117.813873 37.789318 15.690658
Praktica_DCZ5.9_2_34687.JPG 114.820641 35.101974 11.172787
Praktica_DCZ5.9_2_34688.JPG 114.118317 35.313030 11.761684
Praktica_DCZ5.9_2_34689.JPG 113.278297 36.664509 11.766959
Praktica_DCZ5.9_2_34690.JPG 113.611633 36.182110 11.893444
Praktica_DCZ5.9_2_34691.JPG 114.837410 35.601200 12.277277
Praktica_DCZ5.9_2_34692.JPG 114.905205 33.732517 10.533283
Praktica_DCZ5.9_2_34693.JPG 113.972801 33.195549 10.398682
Praktica_DCZ5.9_2_34694.JPG 113.844933 32.669281 10.206724
Praktica_DCZ5.9_2_34695.JPG 111.037155 35.444504 12.460767
Praktica_DCZ5.9_2_34696.JPG 115.251938 33.324726 9.979473
Praktica_DCZ5.9_2_34697.JPG 114.091522 32.403427 9.419866
Praktica_DCZ5.9_2_34698.JPG 113.153770 37.358150 11.293348
Praktica_DCZ5.9_2_34699.JPG 114.785927 33.984665 9.607911
Praktica_DCZ5.9_2_34700.JPG 114.102211 33.864540 9.002353
Praktica_DCZ5.9_2_34701.JPG 112.007622 36.829430 11.073535
Praktica_DCZ5.9_2_34702.JPG 114.965889 34.777439 13.706021
Praktica_DCZ5.9_2_34703.JPG 114.388519 35.400047 13.184199
Praktica_DCZ5.9_2_34704.JPG 110.369095 34.436089 11.813712
Praktica_DCZ5.9_2_34705.JPG 110.559410 33.457817 10.500041
Praktica_DCZ5.9_2_34706.JPG 111.154907 33.576908 9.676955
Praktica_DCZ5.9_2_34707.JPG 109.889374 34.054913 11.753061
Praktica_DCZ5.9_2_34708.JPG 110.856316 33.920563 14.499138
Praktica_DCZ5.9_2_34709.JPG 113.903214 32.322376 11.515271
Praktica_DCZ5.9_2_34710.JPG 114.491104 32.599110 12.072511
Praktica_DCZ5.9_2_34711.JPG 113.256760 31.408865 11.250642
Praktica_DCZ5.9_2_34712.JPG 114.167076 31.525785 10.730616
Praktica_DCZ5.9_2_34713.JPG 110.752037 33.847061 14.626370
Praktica_DCZ5.9_2_34714.JPG 110.690933 33.814243 14.705068
Praktica_DCZ5.9_2_34715.JPG 113.580978 36.484135 12.863729
Praktica_DCZ5.9_2_34716.JPG 115.401527 35.358124 10.488367
Praktica_DCZ5.9_2_34717.JPG 115.056747 35.580368 9.980128
Praktica_DCZ5.9_2_34718.JPG 111.113449 34.184280 11.973730
Praktica_DCZ5.9_2_34719.JPG 113.789803 35.479687 9.771933
Praktica_DCZ5.9_2_34720.JPG 113.110413 32.321045 9.876918
Praktica_DCZ5.9_2_34721.JPG 113.140869 36.381599 12.876369
Praktica_DCZ5.9_2_34722.JPG 115.007515 36.405342 11.431620
Praktica_DCZ5.9_2_34723.JPG 114.346092 35.689518 10.208839
Praktica_DCZ5.9_2_34724.JPG 111.903931 36.631931 12.250504
Praktica_DCZ5.9_2_34725.JPG 114.650604 35.021774 11.933143
Praktica_DCZ5.9_2_34726.JPG 115.251106 34.548729 12.067438
Praktica_DCZ5.9_2_34727.JPG 113.917999 36.552544 10.951971
Praktica_DCZ5.9_2_34728.JPG 114.943954 34.625362 9.113039
Praktica_DCZ5.9_2_34729.JPG 114.729774 32.848682 9.293395
Praktica_DCZ5.9_2_34730.JPG 112.569778 36.609024 13.010809
Praktica_DCZ5.9_2_34731.JPG 115.314713 33.730190 12.179096
Praktica_DCZ5.9_2_34732.JPG 114.856041 33.149391 11.879350
Praktica_DCZ5.9_2_34733.JPG 113.334099 35.402321 13.362356
Praktica_DCZ5.9_2_34734.JPG 113.506905 32.711266 13.225727
Praktica_DCZ5.9_2_34735.JPG 114.868507 32.569229 13.373120
Praktica_DCZ5.9_2_34736.JPG 114.939934 32.541142 13.446870
Praktica_DCZ5.9_2_34737.JPG 113.447563 33.828945 13.688947
Praktica_DCZ5.9_2_34738.JPG 112.718414 35.349800 13.821257
Praktica_DCZ5.9_2_34739.JPG 111.949417 36.283482 13.701149
Praktica_DCZ5.9_2_34740.JPG 115.857040 34.161991 10.934594
Praktica_DCZ5.9_2_34741.JPG 115.445839 32.932461 10.834439
Praktica_DCZ5.9_2_34742.JPG 110.839157 37.106747 12.852165
Praktica_DCZ5.9_2_34743.JPG 110.725700 37.212635 12.949738
Praktica_DCZ5.9_2_34744.JPG 112.592323 31.799421 16.517536
Praktica_DCZ5.9_2_34745.JPG 112.591576 31.787678 16.546066
Praktica_DCZ5.9_2_34746.JPG 111.436958 31.813383 13.028316
Praktica_DCZ5.9_2_34747.JPG 111.807869 32.371262 13.545286
Praktica_DCZ5.9_2_34748.JPG 113.294960 31.561682 13.910630
Praktica_DCZ5.9_2_34749.JPG 113.742165 31.593983 12.334111
Praktica_DCZ5.9_2_34750.JPG 112.460381 34.730377 14.350884
Praktica_DCZ5.9_2_34751.JPG 112.103432 34.822929 14.791212
Praktica_DCZ5.9_2_34752.JPG 112.851143 33.250031 14.585397
Praktica_DCZ5.9_2_34753.JPG 113.338638 31.503744 13.969034
Praktica_DCZ5.9_3_35002.JPG 107.590698 35.788876 8.364548
Praktica_DCZ5.9_3_35003.JPG 107.667732 34.820950 7.568172
Praktica_DCZ5.9_3_35004.JPG 107.364204 36.727882 8.007101
Praktica_DCZ5.9_3_35005.JPG 106.855858 35.238712 7.882325
Praktica_DCZ5.9_3_35006.JPG 107.133942 35.205261 8.262175
Praktica_DCZ5.9_3_35007.JPG 106.790176 35.338810 8.193694
Praktica_DCZ5.9_3_35008.JPG 106.872536 35.477581 7.898451
Praktica_DCZ5.9_3_35009.JPG 107.381874 36.636723 8.671628
Praktica_DCZ5.9_3_35010.JPG 107.734245 36.864300 8.817601
Praktica_DCZ5.9_3_35011.JPG 107.149940 35.412334 8.401797
Praktica_DCZ5.9_3_35012.JPG 106.973846 35.666569 8.613533
Praktica_DCZ5.9_3_35013.JPG 106.036095 34.083187 8.174121
Praktica_DCZ5.9_3_35014.JPG 99.843811 40.824429 8.587701
Praktica_DCZ5.9_3_35015.JPG 106.436607 40.526211 6.670275
Praktica_DCZ5.9_3_35016.JPG 105.925537 33.965805 8.170758
Praktica_DCZ5.9_3_35017.JPG 99.835426 40.830868 8.588904
Praktica_DCZ5.9_3_35018.JPG 106.419449 40.560692 6.666900
Praktica_DCZ5.9_3_35019.JPG 108.356125 34.603905 8.453060
Praktica_DCZ5.9_3_35020.JPG 107.613762 34.568958 8.731700
Praktica_DCZ5.9_3_35021.JPG 109.467339 36.733562 7.792287
Praktica_DCZ5.9_3_35022.JPG 108.529610 34.434372 8.594326
Praktica_DCZ5.9_3_35023.JPG 107.744827 34.300560 8.995170
Praktica_DCZ5.9_3_35024.JPG 110.011017 34.820934 6.939939
Praktica_DCZ5.9_3_35025.JPG 107.316620 35.588673 7.133486
Praktica_DCZ5.9_3_35026.JPG 106.356491 35.734787 7.402080
Praktica_DCZ5.9_3_35027.JPG 107.110214 36.742405 8.612689
Praktica_DCZ5.9_3_35028.JPG 107.431648 36.353439 7.531959
Praktica_DCZ5.9_3_35029.JPG 107.478127 35.688480 8.013351
Praktica_DCZ5.9_3_35030.JPG 108.649010 36.733109 7.809785
Praktica_DCZ5.9_3_35031.JPG 106.262543 35.583412 7.344470
Praktica_DCZ5.9_3_35032.JPG 106.631256 35.655079 7.729123
Praktica_DCZ5.9_3_35033.JPG 106.855034 36.478729 9.716372
Praktica_DCZ5.9_3_35034.JPG 106.811111 36.515602 9.706488
Praktica_DCZ5.9_3_35035.JPG 106.353111 35.395245 8.212463
Praktica_DCZ5.9_3_35036.JPG 106.081116 35.470165 8.128439
Praktica_DCZ5.9_3_35037.JPG 108.697533 37.098331 8.538874
Praktica_DCZ5.9_3_35038.JPG 106.496651 37.046104 8.621636
Praktica_DCZ5.9_3_35039.JPG 110.254677 35.415382 6.009207
Praktica_DCZ5.9_3_35040.JPG 102.114532 49.332001 10.979083
Praktica_DCZ5.9_3_35041.JPG 110.162392 35.418652 8.235348
Praktica_DCZ5.9_3_35042.JPG 109.983711 35.724571 8.571688
Praktica_DCZ5.9_3_35043.JPG 109.562981 34.738197 7.536067
Praktica_DCZ5.9_3_35044.JPG 102.112755 49.334797 10.979937
Praktica_DCZ5.9_3_35045.JPG 110.467361 35.150013 6.659604
Praktica_DCZ5.9_3_35046.JPG 103.953285 27.809967 10.609424
Praktica_DCZ5.9_3_35047.JPG 110.224495 35.474548 7.613604
Praktica_DCZ5.9_3_35048.JPG 109.876289 34.439438 8.564249
Praktica_DCZ5.9_3_35049.JPG 103.944435 27.798893 10.614304
Praktica_DCZ5.9_3_35050.JPG 109.282524 34.652069 5.561893
Praktica_DCZ5.9_3_35051.JPG 107.782486 35.120911 8.156878
Praktica_DCZ5.9_3_35052.JPG 107.398071 35.040894 7.667870
Praktica_DCZ5.9_3_35053.JPG 107.470306 37.629181 8.176969
Praktica_DCZ5.9_3_35054.JPG 106.895645 35.467098 8.574976
Praktica_DCZ5.9_3_35055.JPG 107.277428 35.581100 8.295131
Praktica_DCZ5.9_3_35056.JPG 109.715782 39.542072 8.109881
Praktica_DCZ5.9_3_35057.JPG 104.109200 35.282051 9.204902
Praktica_DCZ5.9_3_35058.JPG 108.591576 35.219028 7.430609
Praktica_DCZ5.9_3_35059.JPG 109.059807 36.141544 8.186954
Praktica_DCZ5.9_3_35060.JPG 106.494797 37.149429 8.818179
Praktica_DCZ5.9_3_35061.JPG 106.109459 35.604736 8.479951
Praktica_DCZ5.9_3_35062.JPG 104.092041 35.277206 9.219535
Praktica_DCZ5.9_3_35063.JPG 108.178474 34.527222 6.616086
Praktica_DCZ5.9_3_35064.JPG 108.259979 34.542713 6.505355
Praktica_DCZ5.9_3_35065.JPG 107.368752 37.374863 7.445437
Praktica_DCZ5.9_3_35066.JPG 107.970970 35.041985 6.079403
Praktica_DCZ5.9_3_35067.JPG 108.008873 34.979095 6.118199
Praktica_DCZ5.9_3_35068.JPG 108.756828 35.496426 7.798525
Praktica_DCZ5.9_3_35069.JPG 108.124321 34.351162 8.021013
Praktica_DCZ5.9_3_35070.JPG 108.847115 36.009682 8.954859
Praktica_DCZ5.9_3_35071.JPG 107.829063 36.227585 6.828152
Praktica_DCZ5.9_3_35072.JPG 106.509583 36.093964 6.757222
Praktica_DCZ5.9_3_35073.JPG 106.179642 37.187008 9.318597
Praktica_DCZ5.9_3_35074.JPG 107.364555 36.053165 6.739560
Praktica_DCZ5.9_3_35075.JPG 105.982750 35.026314 6.979487
Praktica_DCZ5.9_3_35076.JPG 106.049545 36.985218 7.655501
Praktica_DCZ5.9_3_35077.JPG 109.765419 37.015049 9.085955
Praktica_DCZ5.9_3_35078.JPG 108.580315 36.761505 7.078561
Praktica_DCZ5.9_3_35079.JPG 108.309547 35.719986 6.767125
Praktica_DCZ5.9_3_35080.JPG 107.105316 33.506710 8.219449
Praktica_DCZ5.9_3_35081.JPG 107.921524 35.571709 9.360301
Praktica_DCZ5.9_3_35082.JPG 107.997650 36.497952 9.197391
Praktica_DCZ5.9_3_35083.JPG 107.898117 36.121483 9.648532
Praktica_DCZ5.9_3_35084.JPG 105.293030 35.862450 7.819245
Praktica_DCZ5.9_3_35085.JPG 105.491249 35.162994 8.118334
Praktica_DCZ5.9_3_35086.JPG 85.002914 48.862946 -8.861273
Praktica_DCZ5.9_3_35087.JPG 84.996750 48.866142 -8.862020
Praktica_DCZ5.9_3_35088.JPG 104.793297 35.196747 5.386127
Praktica_DCZ5.9_3_35089.JPG 104.723579 35.209316 5.330506
Praktica_DCZ5.9_3_35090.JPG 106.889351 37.558571 8.445370
Praktica_DCZ5.9_3_35091.JPG 107.026733 37.997112 8.729897
Praktica_DCZ5.9_3_35092.JPG 86.573738 17.279350 -0.008731
Praktica_DCZ5.9_3_35093.JPG 86.578064 17.279867 -0.008836
Praktica_DCZ5.9_3_35094.JPG 102.613853 38.948959 15.606855
Praktica_DCZ5.9_3_35095.JPG 102.607979 38.952339 15.612803
Praktica_DCZ5.9_3_35096.JPG 109.143929 36.887981 6.353658
Praktica_DCZ5.9_3_35097.JPG 106.830429 36.897507 9.125623
Praktica_DCZ5.9_3_35098.JPG 102.234352 32.497612 8.138661
Praktica_DCZ5.9_3_35099.JPG 102.223419 32.491337 8.139503
Praktica_DCZ5.9_3_35100.JPG 105.323051 32.944496 7.404879
Praktica_DCZ5.9_3_35101.JPG 105.189507 33.079506 7.575655
Praktica_DCZ5.9_3_35102.JPG 105.829018 37.817959 7.152211
Praktica_DCZ5.9_3_35103.JPG 105.787735 37.785450 7.264817
Praktica_DCZ5.9_3_35104.JPG 107.139023 34.198303 7.481666
Praktica_DCZ5.9_3_35105.JPG 106.677971 33.731171 7.888452
Praktica_DCZ5.9_3_35106.JPG 107.000847 37.199196 7.622249
Praktica_DCZ5.9_3_35107.JPG 109.455963 35.886566 5.777835
Praktica_DCZ5.9_3_35108.JPG 114.380920 34.492458 5.481077
Praktica_DCZ5.9_3_35109.JPG 109.425468 34.928955 5.327615
Praktica_DCZ5.9_3_35110.JPG 96.323730 42.486115 28.428902
Praktica_DCZ5.9_3_35111.JPG 96.318901 42.486794 28.429470
Praktica_DCZ5.9_3_35112.JPG 108.250305 35.912266 5.308574
Praktica_DCZ5.9_3_35113.JPG 106.851593 34.696060 6.611014
Praktica_DCZ5.9_3_35114.JPG 109.045784 38.023941 6.508525
Praktica_DCZ5.9_3_35115.JPG 105.939621 37.000103 8.166389
Praktica_DCZ5.9_3_35116.JPG 109.064484 33.439869 8.865750
Praktica_DCZ5.9_3_35117.JPG 108.940910 37.308094 5.775164
Praktica_DCZ5.9_3_35118.JPG 883.895874 1923.222656 45.905941
Praktica_DCZ5.9_3_35119.JPG 883.895874 1923.222656 45.905941
Praktica_DCZ5.9_3_35120.JPG 107.300438 33.493778 5.700392
Praktica_DCZ5.9_3_35121.JPG 109.115067 34.760559 9.450752
Praktica_DCZ5.9_3_35122.JPG 108.463966 39.455429 10.268541
Praktica_DCZ5.9_3_35123.JPG 108.454514 39.489433 10.288469
Praktica_DCZ5.9_3_35124.JPG 106.492531 34.212738 7.623443
Praktica_DCZ5.9_3_35125.JPG 106.571152 35.876709 6.280700
Praktica_DCZ5.9_3_35126.JPG 108.025856 37.099384 9.538230
Praktica_DCZ5.9_3_35127.JPG 107.087517 34.528606 9.267237
Praktica_DCZ5.9_3_35128.JPG 107.228851 33.439312 9.003083
Praktica_DCZ5.9_3_35129.JPG 108.276688 38.375256 8.708940
Praktica_DCZ5.9_3_35130.JPG 107.399429 37.906441 6.441427
Praktica_DCZ5.9_3_35131.JPG 107.400032 37.939667 6.401983
Praktica_DCZ5.9_3_35132.JPG 107.328979 34.502941 10.565668
Praktica_DCZ5.9_3_35133.JPG 106.670692 32.833378 9.881246
Praktica_DCZ5.9_3_35134.JPG 107.014763 35.215504 9.630780
Praktica_DCZ5.9_3_35135.JPG 105.961632 36.738613 5.812422
Praktica_DCZ5.9_3_35136.JPG 106.477074 37.821838 8.681744
Praktica_DCZ5.9_3_35137.JPG 106.856232 33.671394 9.976516
Praktica_DCZ5.9_3_35138.JPG 107.791397 35.220604 10.419642
Praktica_DCZ5.9_3_35139.JPG 109.238724 36.293251 10.033936
Praktica_DCZ5.9_3_35140.JPG 107.646080 36.446896 6.004882
Praktica_DCZ5.9_3_35141.JPG 106.259636 34.486061 5.176825
Praktica_DCZ5.9_3_35142.JPG 109.355484 37.427971 10.126738
Praktica_DCZ5.9_3_35143.JPG 103.489227 37.636711 5.751936
Praktica_DCZ5.9_3_35144.JPG 107.789917 35.715519 11.007120
Praktica_DCZ5.9_3_35145.JPG 107.012589 37.465519 10.015905
Praktica_DCZ5.9_3_35146.JPG 108.236801 37.632988 10.884008
Praktica_DCZ5.9_3_35147.JPG 107.797073 39.190884 6.840612
Praktica_DCZ5.9_3_35148.JPG 107.062714 32.193703 9.812387
Praktica_DCZ5.9_3_35149.JPG 103.435638 37.662094 5.729841
Praktica_DCZ5.9_3_35150.JPG 105.787979 33.099087 8.866767
Praktica_DCZ5.9_3_35151.JPG 105.545135 34.652771 6.485980
Praktica_DCZ5.9_3_35152.JPG 105.525047 38.692078 8.130850
Praktica_DCZ5.9_3_35153.JPG 105.419533 38.850685 8.061084
Praktica_DCZ5.9_3_35154.JPG 105.743431 34.062923 6.403577
Praktica_DCZ5.9_3_35155.JPG 106.016228 33.310543 5.888251
Praktica_DCZ5.9_3_35156.JPG 108.430473 37.833946 8.099745
Praktica_DCZ5.9_3_35157.JPG 107.117859 35.052406 5.394861
Praktica_DCZ5.9_3_35158.JPG 107.664429 33.270901 7.114856
Praktica_DCZ5.9_3_35159.JPG 106.077873 38.239326 8.486248
Praktica_DCZ5.9_3_35160.JPG 107.031929 36.640034 5.535763
Praktica_DCZ5.9_3_35161.JPG 106.710258 32.006546 8.036419
Praktica_DCZ5.9_3_35162.JPG 108.434616 37.468578 9.313248
Praktica_DCZ5.9_3_35163.JPG 108.003395 32.848072 8.697404
Praktica_DCZ5.9_3_35164.JPG 106.361557 32.536236 6.770241
Praktica_DCZ5.9_3_35165.JPG 107.603065 38.481083 9.598497
Praktica_DCZ5.9_3_35167.JPG 105.654732 34.458748 9.128912
Praktica_DCZ5.9_3_35168.JPG 106.534126 34.143261 10.096270
Praktica_DCZ5.9_3_35169.JPG 108.275719 36.601345 11.142277
Praktica_DCZ5.9_3_35170.JPG 107.780952 38.061687 5.227599
Praktica_DCZ5.9_3_35171.JPG 108.360619 33.379498 10.205831
Praktica_DCZ5.9_3_35172.JPG 108.245049 32.176113 9.892160
Praktica_DCZ5.9_3_35173.JPG 106.920837 38.911976 8.476660
Praktica_DCZ5.9_3_35174.JPG 105.392204 35.831333 9.750301
Praktica_DCZ5.9_3_35175.JPG 106.070518 35.263229 9.771933
Praktica_DCZ5.9_3_35176.JPG 107.198166 38.437149 7.668056
Praktica_DCZ5.9_3_35177.JPG 105.406456 36.480774 6.832518
Praktica_DCZ5.9_3_35178.JPG 94.998138 35.752495 3.711291
Praktica_DCZ5.9_3_35179.JPG 94.989220 35.753345 3.710381
Praktica_DCZ5.9_3_35180.JPG 104.735039 35.836605 8.186268
Praktica_DCZ5.9_3_35181.JPG 105.314064 36.868862 8.988378
Praktica_DCZ5.9_3_35182.JPG 106.501862 37.728230 9.737370
Praktica_DCZ5.9_3_35183.JPG 105.698357 33.744461 10.618475
Praktica_DCZ5.9_3_35184.JPG 76.351715 36.770870 16.734930
Praktica_DCZ5.9_3_35185.JPG 76.345497 36.774139 16.736261
Praktica_DCZ5.9_3_35186.JPG 104.963249 34.959385 10.575724
Praktica_DCZ5.9_3_35187.JPG 105.579582 33.634644 10.736240
Praktica_DCZ5.9_3_35188.JPG 104.329987 35.885860 6.794528
Praktica_DCZ5.9_3_35189.JPG 106.844170 35.539513 11.041861
Praktica_DCZ5.9_3_35190.JPG 106.376724 36.214630 11.557558
Praktica_DCZ5.9_3_35191.JPG 105.515610 36.813030 10.777530
Praktica_DCZ5.9_3_35192.JPG 106.480408 38.150143 10.903128
Praktica_DCZ5.9_3_35193.JPG 104.916359 37.357170 10.003934
Praktica_DCZ5.9_3_35194.JPG 106.487724 38.999439 9.542574
Praktica_DCZ5.9_3_35195.JPG 105.631927 38.137714 10.085110
Praktica_DCZ5.9_3_35196.JPG 107.363312 220.543579 1.608236
Praktica_DCZ5.9_3_35197.JPG 107.373520 220.563980 1.608077
Praktica_DCZ5.9_3_35198.JPG 96.218704 30.318842 15.945739
Praktica_DCZ5.9_3_35199.JPG 96.207466 30.310118 15.955322
Praktica_DCZ5.9_3_35200.JPG 96.163986 30.268175 15.997108
Praktica_DCZ5.9_3_35201.JPG 104.576477 34.180878 7.271888
Praktica_DCZ5.9_3_35202.JPG 103.789413 36.647636 7.826879
Praktica_DCZ5.9_3_35203.JPG 101.193527 35.555164 11.577138
Praktica_DCZ5.9_3_35204.JPG 104.646370 33.854778 9.002796
Praktica_DCZ5.9_3_35205.JPG 104.635544 38.090355 8.800931
Praktica_DCZ5.9_3_35206.JPG 104.715965 37.706551 8.145627
Praktica_DCZ5.9_3_35207.JPG 103.832726 34.908203 7.644308
Praktica_DCZ5.9_3_35208.JPG 101.178841 35.554455 11.585151
Praktica_DCZ5.9_4_35425.JPG 110.938568 36.061420 1.077909
Praktica_DCZ5.9_4_35426.JPG 110.160614 36.767178 2.679007
Praktica_DCZ5.9_4_35427.JPG 111.323914 35.010105 0.687923
Praktica_DCZ5.9_4_35428.JPG 110.245949 36.039467 1.079930
Praktica_DCZ5.9_4_35429.JPG 110.072433 36.317127 0.882349
Praktica_DCZ5.9_4_35430.JPG 111.662018 34.937820 3.090082
Praktica_DCZ5.9_4_35431.JPG 109.948624 36.214935 0.716925
Praktica_DCZ5.9_4_35432.JPG 109.270676 35.943047 1.074688
Praktica_DCZ5.9_4_35433.JPG 111.080017 34.757320 2.418910
Praktica_DCZ5.9_4_35434.JPG 109.682777 35.406689 1.581981
Praktica_DCZ5.9_4_35435.JPG 110.113632 35.583214 0.955963
Praktica_DCZ5.9_4_35436.JPG 111.177704 34.503517 3.050286
Praktica_DCZ5.9_4_35437.JPG 109.908302 35.051247 2.653849
Praktica_DCZ5.9_4_35438.JPG 110.467827 35.796238 3.694028
Praktica_DCZ5.9_4_35439.JPG 111.045616 34.840488 4.376925
Praktica_DCZ5.9_4_35440.JPG 109.766533 36.087990 2.090645
Praktica_DCZ5.9_4_35441.JPG 110.295547 36.769337 1.400107
Praktica_DCZ5.9_4_35442.JPG 113.631409 29.501259 -4.221746
Praktica_DCZ5.9_4_35443.JPG 110.745636 36.311749 2.312744
Praktica_DCZ5.9_4_35444.JPG 109.040863 34.709534 2.558645
Praktica_DCZ5.9_4_35445.JPG 113.637596 29.492243 -4.231966
Praktica_DCZ5.9_4_35446.JPG 109.060829 36.317284 0.942838
Praktica_DCZ5.9_4_35447.JPG 109.898033 35.757801 1.325280
Praktica_DCZ5.9_4_35448.JPG 110.820061 35.219536 0.121302
Praktica_DCZ5.9_4_35449.JPG 110.439285 36.299969 1.436367
Praktica_DCZ5.9_4_35450.JPG 110.326935 36.565159 0.735733
Praktica_DCZ5.9_4_35451.JPG 111.929817 35.312286 1.975309
Praktica_DCZ5.9_4_35452.JPG 109.791008 35.224342 1.230757
Praktica_DCZ5.9_4_35453.JPG 109.055687 36.087597 -0.182179
Praktica_DCZ5.9_4_35454.JPG 110.866653 34.406223 1.953965
Praktica_DCZ5.9_4_35455.JPG 110.828407 34.980965 -0.122048
Praktica_DCZ5.9_4_35456.JPG 109.021164 35.366028 0.718451
Praktica_DCZ5.9_4_35457.JPG 109.913673 35.569042 0.175127
Praktica_DCZ5.9_4_35458.JPG 111.625458 34.311031 0.766260
Praktica_DCZ5.9_4_35459.JPG 110.776421 34.722046 0.080507
Praktica_DCZ5.9_4_35460.JPG 109.666008 36.018456 0.418264
Praktica_DCZ5.9_4_35461.JPG 109.311607 36.069206 -0.071979
Praktica_DCZ5.9_4_35462.JPG 111.162498 35.250977 0.176269
Praktica_DCZ5.9_4_35463.JPG 107.417137 35.472328 -5.967361
Praktica_DCZ5.9_4_35464.JPG 107.408730 35.469620 -5.980124
Praktica_DCZ5.9_4_35465.JPG 109.599037 35.804222 0.152037
Praktica_DCZ5.9_4_35466.JPG 111.107483 35.132591 -0.044178
Praktica_DCZ5.9_4_35467.JPG 109.357727 31.217194 10.179334
Praktica_DCZ5.9_4_35468.JPG 107.259598 31.541286 3.577478
Praktica_DCZ5.9_4_35469.JPG 112.938698 32.779739 2.815554
Praktica_DCZ5.9_4_35470.JPG 111.351654 33.933495 3.306111
Praktica_DCZ5.9_4_35471.JPG 109.358620 34.934532 4.724563
Praktica_DCZ5.9_4_35472.JPG 107.257980 31.509283 3.573030
Praktica_DCZ5.9_4_35473.JPG 110.579010 35.997452 4.888509
Praktica_DCZ5.9_4_35474.JPG 109.222618 40.744514 4.372802
Praktica_DCZ5.9_4_35475.JPG 113.235481 34.206161 3.420212
Praktica_DCZ5.9_4_35476.JPG 112.237617 35.624813 3.666265
Praktica_DCZ5.9_4_35477.JPG 109.221718 40.784229 4.345853
Praktica_DCZ5.9_4_35478.JPG 111.894623 35.184891 4.988491
Praktica_DCZ5.9_4_35479.JPG 109.680519 37.375126 1.251362
Praktica_DCZ5.9_4_35480.JPG 109.318474 36.676651 1.766795
Praktica_DCZ5.9_4_35481.JPG 111.568703 35.352226 0.377616
Praktica_DCZ5.9_4_35482.JPG 111.481537 35.590832 0.530217
Praktica_DCZ5.9_4_35483.JPG 109.698708 35.646423 0.802949
Praktica_DCZ5.9_4_35484.JPG 110.203522 36.643883 -0.010337
Praktica_DCZ5.9_4_35485.JPG 106.440880 38.929813 -2.090722
Praktica_DCZ5.9_4_35486.JPG 109.002762 35.433228 1.738762
Praktica_DCZ5.9_4_35487.JPG 111.176163 33.503727 0.161339
Praktica_DCZ5.9_4_35488.JPG 111.157440 33.615597 0.039170
Praktica_DCZ5.9_4_35489.JPG 109.167381 36.487747 0.325877
Praktica_DCZ5.9_4_35490.JPG 106.432762 38.936691 -2.099483
Praktica_DCZ5.9_4_35491.JPG 109.211922 36.986431 3.636662
Praktica_DCZ5.9_4_35492.JPG 109.204079 37.053169 3.721501
Praktica_DCZ5.9_4_35493.JPG 110.925125 34.435738 0.836878
Praktica_DCZ5.9_4_35494.JPG 109.821495 37.372616 2.258509
Praktica_DCZ5.9_4_35495.JPG 110.630501 36.099323 2.324045
Praktica_DCZ5.9_4_35496.JPG 111.202324 33.001678 1.803269
Praktica_DCZ5.9_4_35497.JPG 108.396233 37.360298 1.183506
Praktica_DCZ5.9_4_35498.JPG 110.936913 37.147053 0.840186
Praktica_DCZ5.9_4_35499.JPG 111.288200 34.827625 -0.360535
Praktica_DCZ5.9_4_35500.JPG 108.453659 36.167870 -0.662521
Praktica_DCZ5.9_4_35501.JPG 108.886459 37.019951 -0.604265
Praktica_DCZ5.9_4_35502.JPG 111.311630 34.957001 -1.205105
Praktica_DCZ5.9_4_35503.JPG 108.416031 36.850071 2.129094
Praktica_DCZ5.9_4_35504.JPG 112.136589 36.983120 1.397303
Praktica_DCZ5.9_4_35505.JPG 112.438782 35.691040 2.556816
Praktica_DCZ5.9_4_35506.JPG 109.982758 34.264046 1.926976
Praktica_DCZ5.9_4_35507.JPG 109.659088 33.888309 2.166439
Praktica_DCZ5.9_4_35508.JPG 111.485062 34.389210 1.489698
Praktica_DCZ5.9_4_35509.JPG 110.495949 33.266853 0.825672
Praktica_DCZ5.9_4_35510.JPG 108.481651 34.881123 1.357758
Praktica_DCZ5.9_4_35511.JPG 109.127022 34.371914 0.907127
Praktica_DCZ5.9_4_35512.JPG 101.370636 40.212196 -16.200586
Praktica_DCZ5.9_4_35513.JPG 101.365173 40.214828 -16.202471
Praktica_DCZ5.9_4_35514.JPG 107.956444 35.936775 1.156004
Praktica_DCZ5.9_4_35515.JPG 107.413696 36.235863 1.591691
Praktica_DCZ5.9_4_35516.JPG 111.866013 34.145618 -0.795525
Praktica_DCZ5.9_4_35517.JPG 112.032112 33.931824 -0.987181
Praktica_DCZ5.9_4_35518.JPG 107.166069 34.698875 1.234234
Praktica_DCZ5.9_4_35519.JPG 108.083153 35.005516 0.387482
Praktica_DCZ5.9_4_35520.JPG 108.566406 32.496506 1.654099
Praktica_DCZ5.9_4_35521.JPG 108.329704 34.883770 -0.093642
Praktica_DCZ5.9_4_35522.JPG 112.521027 32.417393 1.579306
Praktica_DCZ5.9_4_35523.JPG 110.819534 34.403790 -0.758720
Praktica_DCZ5.9_4_35524.JPG 112.561371 37.465446 2.800254
Praktica_DCZ5.9_4_35525.JPG 108.630173 33.149712 2.912729
Praktica_DCZ5.9_4_35526.JPG 108.979500 35.664349 2.650369
Praktica_DCZ5.9_4_35527.JPG 111.027885 37.988186 3.130233
Praktica_DCZ5.9_4_35528.JPG 108.259857 36.050949 3.257543
Praktica_DCZ5.9_4_35529.JPG 112.181061 33.784752 2.420212
Praktica_DCZ5.9_4_35530.JPG 111.281631 36.095234 -0.756193
Praktica_DCZ5.9_4_35531.JPG 113.340302 34.895100 4.439560
Praktica_DCZ5.9_4_35532.JPG 114.398270 34.847771 3.213203
Praktica_DCZ5.9_4_35533.JPG 110.201614 38.638760 10.727990
Praktica_DCZ5.9_4_35534.JPG 109.971573 33.591511 0.630324
Praktica_DCZ5.9_4_35535.JPG 108.979553 33.904491 1.030144
Praktica_DCZ5.9_4_35536.JPG 108.644638 33.704327 1.154948
Praktica_DCZ5.9_4_35537.JPG 121.107590 41.556892 -6.388919
Praktica_DCZ5.9_4_35538.JPG 121.106247 41.556896 -6.391050
Praktica_DCZ5.9_4_35539.JPG 109.174034 34.097977 -0.127501
Praktica_DCZ5.9_4_35540.JPG 107.122444 37.229317 3.280256
Praktica_DCZ5.9_4_35541.JPG 108.425407 33.746521 4.281240
Praktica_DCZ5.9_4_35542.JPG 110.293015 34.707550 -0.474655
Praktica_DCZ5.9_4_35543.JPG 106.915672 36.945591 3.462230
Praktica_DCZ5.9_4_35544.JPG 108.755959 33.852005 -0.636530
Praktica_DCZ5.9_4_35545.JPG 113.788383 36.176071 3.119631
Praktica_DCZ5.9_4_35546.JPG 109.549400 34.748638 3.718675
Praktica_DCZ5.9_4_35547.JPG 114.727669 35.300690 1.222272
Praktica_DCZ5.9_4_35548.JPG 114.748306 35.345982 1.133102
Praktica_DCZ5.9_4_35549.JPG 110.632317 36.578926 3.717021
Praktica_DCZ5.9_4_35550.JPG 111.519806 36.569836 2.995384
Praktica_DCZ5.9_4_35551.JPG 114.249329 36.997581 2.086763
Praktica_DCZ5.9_4_35552.JPG 113.360252 35.472763 1.502291
Praktica_DCZ5.9_4_35553.JPG 109.298088 38.144814 0.932890
Praktica_DCZ5.9_4_35554.JPG 110.517494 37.836597 1.566148
Praktica_DCZ5.9_4_35555.JPG 112.477501 35.676785 0.900389
Praktica_DCZ5.9_4_35556.JPG 110.379204 38.102585 0.442036
Praktica_DCZ5.9_4_35557.JPG 111.131569 38.691185 0.793837
Praktica_DCZ5.9_4_35558.JPG 112.884529 36.200500 1.014493
Praktica_DCZ5.9_4_35559.JPG 111.150139 38.079002 1.757805
Praktica_DCZ5.9_4_35560.JPG 111.896805 37.509041 1.779057
Praktica_DCZ5.9_4_35561.JPG 113.732239 34.164528 1.400603
Praktica_DCZ5.9_4_35562.JPG 107.767067 38.054688 2.069457
Praktica_DCZ5.9_4_35563.JPG 109.854164 38.695183 2.049896
Praktica_DCZ5.9_4_35564.JPG 112.134872 35.651226 -0.637373
Praktica_DCZ5.9_4_35565.JPG 108.661308 38.052055 2.637895
Praktica_DCZ5.9_4_35566.JPG 109.571976 38.581352 3.428544
Praktica_DCZ5.9_4_35567.JPG 113.870331 33.812004 2.220316
Praktica_DCZ5.9_4_35568.JPG 107.465027 35.635204 2.632118
Praktica_DCZ5.9_4_35569.JPG 112.093369 39.012295 1.779610
Praktica_DCZ5.9_4_35570.JPG 113.896736 34.998993 -0.245845
Praktica_DCZ5.9_4_35571.JPG 105.643990 35.992577 1.317948
Praktica_DCZ5.9_4_35572.JPG 112.355927 38.902866 0.039979
Praktica_DCZ5.9_4_35573.JPG 112.735680 34.626801 -0.099735
Praktica_DCZ5.9_4_35574.JPG 105.598610 35.955364 1.324699
Praktica_DCZ5.9_4_35575.JPG 105.927734 35.164684 1.996036
Praktica_DCZ5.9_4_35576.JPG 106.836899 33.639435 2.773878
Praktica_DCZ5.9_4_35577.JPG 111.010544 31.643427 0.752204
Praktica_DCZ5.9_4_35578.JPG 106.770027 33.425671 0.480374
Praktica_DCZ5.9_4_35579.JPG 111.494621 37.341091 -0.176522
Praktica_DCZ5.9_4_35580.JPG 110.427834 33.025261 -0.993057
Praktica_DCZ5.9_4_35581.JPG 110.411156 32.896389 -1.119107
Praktica_DCZ5.9_4_35582.JPG 108.158302 34.318802 2.607966
Praktica_DCZ5.9_4_35583.JPG 106.696411 33.350613 0.441727
Praktica_DCZ5.9_4_35584.JPG 112.700127 34.393250 1.485729
Praktica_DCZ5.9_4_35585.JPG 109.968719 39.520554 1.593445
Praktica_DCZ5.9_4_35586.JPG 110.816849 39.859932 1.887032
Praktica_DCZ5.9_4_35587.JPG 109.531448 34.223564 -1.753715
Praktica_DCZ5.9_4_35588.JPG 108.941399 39.559814 1.167704
Praktica_DCZ5.9_4_35589.JPG 108.922089 39.569065 2.588739
Praktica_DCZ5.9_4_35590.JPG 112.949509 35.587654 0.310046
Praktica_DCZ5.9_4_35591.JPG 113.054756 37.961433 1.070228
Praktica_DCZ5.9_4_35592.JPG 109.823357 32.501987 2.496749
Praktica_DCZ5.9_4_35593.JPG 112.835747 36.710098 -0.550686
Praktica_DCZ5.9_4_35594.JPG 111.109665 38.381546 -0.678840
Praktica_DCZ5.9_4_35595.JPG 108.848152 38.594120 -0.096638
Praktica_DCZ5.9_4_35596.JPG 113.956322 37.124340 0.927868
Praktica_DCZ5.9_4_35597.JPG 109.864601 31.050518 1.808021
Praktica_DCZ5.9_4_35598.JPG 108.158989 38.672470 4.084629
Praktica_DCZ5.9_4_35599.JPG 112.781433 35.522652 -1.317981
Praktica_DCZ5.9_4_35600.JPG 110.508316 37.108936 -1.237931
Praktica_DCZ5.9_4_35601.JPG 109.836128 37.816586 -0.586970
Praktica_DCZ5.9_4_35602.JPG 112.610100 33.435211 0.353022
Praktica_DCZ5.9_4_35603.JPG 107.718109 36.419163 -0.030502
Praktica_DCZ5.9_4_35604.JPG 106.952744 35.321903 -1.234344
Praktica_DCZ5.9_4_35605.JPG 106.876106 35.362411 -1.299690
Praktica_DCZ5.9_4_35606.JPG 109.041161 35.703266 -1.315839
Praktica_DCZ5.9_4_35607.JPG 110.887596 35.392227 -1.693802
Praktica_DCZ5.9_4_35608.JPG 112.738350 34.720730 -3.622682
Praktica_DCZ5.9_4_35609.JPG 110.077751 39.406101 -0.281633
Praktica_DCZ5.9_4_35610.JPG 112.754021 34.715607 -3.654335
Praktica_DCZ5.9_4_35611.JPG 107.880653 39.030727 1.026806
Praktica_DCZ5.9_4_35612.JPG 113.194336 33.504578 -0.559132
Praktica_DCZ5.9_4_35613.JPG 109.336304 32.150654 0.223080
Praktica_DCZ5.9_4_35614.JPG 110.390671 40.871849 -4.412016
Praktica_DCZ5.9_4_35615.JPG 110.393417 40.881405 -4.422808
Praktica_DCZ5.9_4_35616.JPG 109.435852 36.448643 -2.182882
Praktica_DCZ5.9_4_35617.JPG 110.396057 37.401585 -2.426984
Praktica_DCZ5.9_4_35618.JPG 108.421028 37.414463 -1.444986
Praktica_DCZ5.9_4_35619.JPG 107.800697 37.532501 0.352286
Praktica_DCZ5.9_4_35620.JPG 111.127876 33.891705 -2.091314
Praktica_DCZ5.9_4_35621.JPG 111.675682 32.273754 -0.420024
Praktica_DCZ5.9_4_35622.JPG 106.426964 37.874912 1.459713
Praktica_DCZ5.9_4_35623.JPG 107.865135 32.034904 -1.464227
