Pentax_OptioA40_0_30521.JPG 7.4143426919 17.9112558225 -10.6086739147
Pentax_OptioA40_0_30522.JPG 2.83986034259 11.3656616507 -5.92835272726
Pentax_OptioA40_0_30523.JPG -13.5356150483 3.97447341502 -18.1762612207
Pentax_OptioA40_0_30524.JPG -15.0364070948 4.80880137397 -8.45573477545
Pentax_OptioA40_0_30525.JPG 6.37593358484 10.2294154167 -18.5604600018
Pentax_OptioA40_0_30526.JPG 1.31937476107 7.2971535705 -13.7759256622
Pentax_OptioA40_0_30527.JPG -16.1587826784 0.583241732059 -1.68862039637
Pentax_OptioA40_0_30528.JPG -18.0040515386 3.65913135244 -1.75889239217
Pentax_OptioA40_0_30529.JPG 4.39525489768 16.8541496158 -12.7526055944
Pentax_OptioA40_0_30530.JPG 3.41315319545 19.2767232559 -15.35788511
Pentax_OptioA40_0_30531.JPG -19.0644056995 14.1095400524 -4.99698483901
Pentax_OptioA40_0_30532.JPG -23.0228064513 4.27685214657 -9.75993374918
Pentax_OptioA40_0_30533.JPG 4.81056789655 16.3398700692 -16.7453632892
Pentax_OptioA40_0_30534.JPG -1.4711494182 18.3380756092 -12.0603101888
Pentax_OptioA40_0_30535.JPG -16.4195015675 13.1784518986 -8.5433830524
Pentax_OptioA40_0_30536.JPG -19.8624227264 11.1897760122 -7.29231178164
Pentax_OptioA40_0_30537.JPG 1.2162320167 16.401887277 -11.6661438767
Pentax_OptioA40_0_30538.JPG 0.535050458473 11.4964954267 -9.85442625165
Pentax_OptioA40_0_30539.JPG -18.0667963482 7.46372939826 -8.11829022769
Pentax_OptioA40_0_30540.JPG -18.2368805184 7.93901995304 -2.5805504297
Pentax_OptioA40_0_30541.JPG -0.523659143507 17.9256450359 -8.18618865095
Pentax_OptioA40_0_30542.JPG 4.36145620662 15.2990580884 -5.99595764549
Pentax_OptioA40_0_30543.JPG -13.8419770051 13.3550866897 -5.32107372087
Pentax_OptioA40_0_30544.JPG -11.655858168 20.643802301 -12.9502226671
Pentax_OptioA40_0_30545.JPG 3.62608056905 17.4483404778 -9.52913311968
Pentax_OptioA40_0_30546.JPG -0.341919476993 16.3427039977 -15.192736567
Pentax_OptioA40_0_30547.JPG -20.0705990328 5.06827300757 -7.42870653525
Pentax_OptioA40_0_30548.JPG -21.7639099868 8.32592436939 -7.02893042919
Pentax_OptioA40_0_30549.JPG 2.56880122781 15.3099069314 -14.970181479
Pentax_OptioA40_0_30550.JPG -23.5397566157 5.85004433544 -5.83134077173
Pentax_OptioA40_0_30551.JPG 7.75435265463 17.3912623858 -14.7892185144
Pentax_OptioA40_0_30552.JPG 6.51770097456 21.3695434354 -7.84805114989
Pentax_OptioA40_0_30553.JPG -16.4961532156 11.9038442328 -1.97308657192
Pentax_OptioA40_0_30554.JPG -20.683806569 7.26504091607 0.79642983106
Pentax_OptioA40_0_30555.JPG -3.11590506776 4.58446319504 -12.1967182444
Pentax_OptioA40_0_30556.JPG -2.14483808556 8.1092018536 -10.0383141785
Pentax_OptioA40_0_30557.JPG -10.0213325832 -7.1138320877 -8.14515390835
Pentax_OptioA40_0_30558.JPG -10.0123621965 11.5445903215 -7.8216589429
Pentax_OptioA40_0_30559.JPG 13.4722496574 15.1707818438 -4.31575461809
Pentax_OptioA40_0_30560.JPG -3.91152504377 5.03994149093 -16.4668943327
Pentax_OptioA40_0_30561.JPG -15.1125576702 0.562144958971 -13.9722063559
Pentax_OptioA40_0_30562.JPG -14.9742227528 0.145147865545 -7.9296639323
Pentax_OptioA40_0_30624.JPG 12.1569168019 10.9009352387 -18.2295020415
Pentax_OptioA40_0_30625.JPG 2.35949164652 20.1513281998 -11.6338505215
Pentax_OptioA40_0_30626.JPG 10.4315278486 22.6805517034 1.29156278679
Pentax_OptioA40_0_30627.JPG -11.3643185121 2.87060765423 -8.9014573468
Pentax_OptioA40_0_30628.JPG -22.4170142122 7.00852334958 -2.53766838179
Pentax_OptioA40_0_30629.JPG -20.4962962732 10.4856218556 -2.1663918732
Pentax_OptioA40_0_30630.JPG -18.0816006728 9.38407539761 5.11055211115
Pentax_OptioA40_0_30631.JPG 2.53999472681 12.1484788185 -16.7396383044
Pentax_OptioA40_0_30632.JPG 4.19310189995 10.028120172 -15.12996979
Pentax_OptioA40_0_30633.JPG 4.41930175891 11.9680122579 -13.8649760493
Pentax_OptioA40_0_30634.JPG -18.7663336139 2.0933773778 -9.67354927243
Pentax_OptioA40_0_30635.JPG -23.6808824504 5.74609826337 4.1725081834
Pentax_OptioA40_0_30636.JPG -11.504607748 22.7015619082 4.35824678182
Pentax_OptioA40_0_30637.JPG -10.5483285223 4.24110950383 -4.7623807246
Pentax_OptioA40_0_30638.JPG 5.20116135402 7.61672520699 -12.1556717499
Pentax_OptioA40_0_30639.JPG 7.7316385543 8.03002741666 -15.3720552151
Pentax_OptioA40_0_30640.JPG -21.9739622921 2.45208928937 0.752404029074
Pentax_OptioA40_0_30641.JPG -20.751797162 7.41613407639 -12.2592779075
Pentax_OptioA40_0_30642.JPG 8.43310253941 16.9820371929 -6.80082050668
Pentax_OptioA40_0_30643.JPG -0.072673099223 24.5123216633 7.03064767549
Pentax_OptioA40_0_30644.JPG 12.4613602775 17.6947058031 4.8524435916
Pentax_OptioA40_0_30645.JPG -15.1577562731 16.2659730471 0.44336501991
Pentax_OptioA40_0_30646.JPG -10.8244175798 13.717449247 -0.844326523362
Pentax_OptioA40_0_30647.JPG -11.5472787667 19.6557143595 -3.60404770512
Pentax_OptioA40_0_30648.JPG -4.74585307036 22.0740635348 -12.1248319533
Pentax_OptioA40_0_30649.JPG 11.1516289194 19.4871434748 -12.8183649193
Pentax_OptioA40_0_30650.JPG -11.2058749968 3.99412426397 -13.9924555741
Pentax_OptioA40_0_30651.JPG -8.22982006435 8.5910370445 -13.3921423825
Pentax_OptioA40_0_30652.JPG -8.43809396536 -12.6849299688 -12.4525820785
Pentax_OptioA40_0_30653.JPG -4.7909109116 -7.62618821441 -16.5382711259
Pentax_OptioA40_0_30654.JPG -5.70567356844 -8.89880289893 -18.5007857868
Pentax_OptioA40_0_30655.JPG -6.08612847262 -12.0368316882 -11.8243919441
Pentax_OptioA40_0_30656.JPG -10.1113716477 8.95558783476 -15.5012081752
Pentax_OptioA40_0_30657.JPG -9.6603615976 -1.39260696732 -8.54556958112
Pentax_OptioA40_0_30663.JPG 4.22327123786 13.2938043663 -20.1467821647
Pentax_OptioA40_0_30664.JPG -4.63582479143 16.6154203095 -14.615011612
Pentax_OptioA40_0_30665.JPG -12.9852681395 9.37510643711 3.08030129232
Pentax_OptioA40_0_30666.JPG -18.2800483815 -6.41335620207 -9.19956365049
Pentax_OptioA40_0_30667.JPG -18.2974236438 -4.35386420063 -7.90668002948
Pentax_OptioA40_0_30675.JPG 11.2164811039 13.6602215422 -8.28112410046
Pentax_OptioA40_0_30676.JPG -3.92425798248 8.35845890567 -5.05902838877
Pentax_OptioA40_0_30677.JPG -7.38313303372 10.0622119183 -3.33434392316
Pentax_OptioA40_0_30678.JPG -8.94768015811 15.2718887811 -11.1863724793
Pentax_OptioA40_0_30679.JPG 11.0785352687 14.4311546124 -10.6473256444
Pentax_OptioA40_0_30680.JPG -1.64836669118 9.06858635995 -5.58954023878
Pentax_OptioA40_0_30681.JPG 10.6875340907 13.7290657024 -15.0126398541
Pentax_OptioA40_0_30682.JPG 7.8025504675 16.7006274051 -2.39336165441
Pentax_OptioA40_0_30683.JPG 7.02174524797 11.310662751 -7.9363799267
Pentax_OptioA40_0_30684.JPG -13.2591180466 -4.4697621923 -11.9167477936
Pentax_OptioA40_0_30685.JPG -0.0643551704935 16.045213514 -19.9866972112
Pentax_OptioA40_0_30686.JPG 2.91506895795 17.4602720934 -2.12532272532
Pentax_OptioA40_0_30687.JPG -8.52907402676 15.5443458698 -5.46119069899
Pentax_OptioA40_0_30688.JPG 1.04522958705 9.80057685416 -1.71638762777
Pentax_OptioA40_0_30689.JPG 2.54550258225 20.3041269464 -6.02692834627
Pentax_OptioA40_0_30690.JPG -9.51190305958 14.2672824903 -16.2940433646
Pentax_OptioA40_0_30691.JPG 1.48560773424 22.6726925386 0.482053463204
Pentax_OptioA40_0_30692.JPG -11.5094786926 8.38229608941 -5.31590287809
Pentax_OptioA40_0_30693.JPG -6.48300100542 5.66709853853 -8.13389819858
Pentax_OptioA40_0_30694.JPG -15.269285619 2.52559106492 2.71088941733
Pentax_OptioA40_0_30695.JPG -25.7012606681 2.61383372936 -19.9635029002
Pentax_OptioA40_0_30696.JPG -2.76762756844 18.9691255273 -3.78037007864
Pentax_OptioA40_0_30697.JPG -1.13745477076 20.7636533203 -4.33443753733
Pentax_OptioA40_0_30698.JPG -17.6623740443 2.18198329281 -5.33501529436
Pentax_OptioA40_0_30699.JPG 0.206012110384 -27.0747693148 -11.1138213725
Pentax_OptioA40_0_30700.JPG -6.22760959247 11.7576947501 -20.932891269
Pentax_OptioA40_0_30701.JPG -4.80656840904 0.861629320609 -16.1793361161
Pentax_OptioA40_0_30702.JPG 4.52571607043 13.800230082 0.387457878552
Pentax_OptioA40_0_30703.JPG -1.4540395156 27.9716910369 -3.46862073036
Pentax_OptioA40_0_30704.JPG 6.53982695976 13.0732929081 -15.9587675094
Pentax_OptioA40_0_30705.JPG 0.270974147919 9.89366533179 -19.0533918345
Pentax_OptioA40_0_30706.JPG -12.8391784394 -9.99934617541 -10.7855478253
Pentax_OptioA40_0_30707.JPG -22.4066709844 2.76653651103 -3.85903604748
Pentax_OptioA40_0_30712.JPG -19.6237550741 7.04966911205 -4.9866386334
Pentax_OptioA40_0_30713.JPG -19.5359760872 4.77597363951 -4.15255776848
Pentax_OptioA40_0_30714.JPG 2.80040757905 10.1378924711 -11.8355020156
Pentax_OptioA40_0_30715.JPG 1.10889315105 10.82228265 -13.8945709112
Pentax_OptioA40_0_30716.JPG 3.93967246763 6.75396812064 -16.7453175365
Pentax_OptioA40_0_30717.JPG 5.91623462193 22.9885188188 -13.028576306
Pentax_OptioA40_0_30718.JPG 3.62869709346 8.15348864079 -20.745526875
Pentax_OptioA40_0_30719.JPG 0.481515823109 5.26127942231 -18.3617667498
Pentax_OptioA40_0_30720.JPG -20.3224323734 -1.13385953328 -1.34900214154
Pentax_OptioA40_0_30721.JPG -15.551619608 26.1731179983 -23.8488329183
Pentax_OptioA40_0_30722.JPG -7.4435981186 -17.864311596 4.50721204876
Pentax_OptioA40_0_30723.JPG -2.47251293717 11.3407114382 -12.6151460098
Pentax_OptioA40_0_30724.JPG -13.7444418061 11.4833267391 -12.2594703191
Pentax_OptioA40_0_30725.JPG -14.8128198216 6.78656054735 -3.35651440587
Pentax_OptioA40_0_30726.JPG -16.9151866428 5.88898866684 -5.47916200622
Pentax_OptioA40_0_30727.JPG 6.68211850531 13.8817728358 -11.5695766439
Pentax_OptioA40_0_30728.JPG 2.99578746385 8.39850730064 -8.49439885622
Pentax_OptioA40_0_30729.JPG -12.0148298723 7.59293791106 -9.97059659647
Pentax_OptioA40_0_30730.JPG -17.9257232283 9.75378522048 -10.3059905599
Pentax_OptioA40_0_30731.JPG -12.8692213483 9.85562739525 -1.57140175356
Pentax_OptioA40_0_30732.JPG -2.04743497666 8.66204396019 -15.3969925312
Pentax_OptioA40_0_30733.JPG 7.32143916378 10.7742618912 -12.2326725258
Pentax_OptioA40_0_30734.JPG 3.72684557971 13.9718992523 -9.70601442563
Pentax_OptioA40_0_30735.JPG -0.349446380097 19.8448801065 -15.4480770027
Pentax_OptioA40_0_30736.JPG -15.2080282556 9.3630068184 -7.09014189357
Pentax_OptioA40_0_30737.JPG -17.6353624099 9.86291977994 -5.13926857568
Pentax_OptioA40_0_30738.JPG 2.80503456097 13.8141998966 -12.4215556806
Pentax_OptioA40_0_30739.JPG 0.541782881604 14.5045942001 -8.5831750076
Pentax_OptioA40_0_30740.JPG -16.219066815 6.13926844251 -12.7387875694
Pentax_OptioA40_0_30741.JPG -23.3117265806 11.2483917848 -5.02493956197
Pentax_OptioA40_0_30742.JPG -16.4598157351 6.76169140777 1.04091683113
Pentax_OptioA40_0_30743.JPG -21.0843845226 -0.423603276275 -6.19564590352
Pentax_OptioA40_0_30744.JPG -0.715744523167 12.7402820118 -16.3250127617
Pentax_OptioA40_0_30745.JPG -0.256706319832 13.7535745356 -12.790732062
Pentax_OptioA40_0_30753.JPG -5.19835220546 18.8976617635 -8.57726916078
Pentax_OptioA40_0_30754.JPG -0.0293726939104 14.0818693474 -4.01946825118
Pentax_OptioA40_0_30755.JPG -5.62662668017 8.12106428721 -18.6185212455
Pentax_OptioA40_0_30756.JPG -14.5952428783 -6.71004424691 -3.86566068082
Pentax_OptioA40_0_30757.JPG -14.2094378487 -3.45987783899 -5.17216437283
Pentax_OptioA40_0_30758.JPG -6.53776277288 -15.8990155457 -7.27603340208
Pentax_OptioA40_0_30759.JPG -3.9192145043 14.5187230235 -9.99972039506
Pentax_OptioA40_0_30760.JPG -5.98641094089 10.6823525703 -9.98866304506
Pentax_OptioA40_0_30761.JPG -7.78865624842 -13.7880975546 -6.82351497943
Pentax_OptioA40_0_30762.JPG -4.64338206953 12.615572282 -16.3408950773
Pentax_OptioA40_0_30763.JPG -3.24555150542 20.5259515025 5.41126889663
Pentax_OptioA40_0_30764.JPG -20.2909357342 -6.02484825338 -2.39699531131
Pentax_OptioA40_0_30765.JPG -15.8041109627 -11.4637490709 -6.69603555422
Pentax_OptioA40_0_30766.JPG -7.86005247823 3.78787169811 -12.2281921351
Pentax_OptioA40_0_30767.JPG -12.2654993158 5.25220178872 -0.661599375664
Pentax_OptioA40_0_30770.JPG -3.86144407839 13.4463867254 -5.80162718601
Pentax_OptioA40_0_30771.JPG 15.4425146946 14.0320160059 -12.8180591093
Pentax_OptioA40_0_30772.JPG 10.7757320984 11.9109476862 21.9060104499
Pentax_OptioA40_0_30773.JPG 2.30087082215 25.6233406969 -7.67758710829
Pentax_OptioA40_0_30774.JPG -9.73037420802 -1.70534891098 -15.5082286909
Pentax_OptioA40_0_30775.JPG -8.83441609264 -1.33614964418 -13.3408230942
Pentax_OptioA40_1_31061.JPG -9.40109210258 -13.256948626 6.1205448228
Pentax_OptioA40_1_31062.JPG -7.04846863224 16.2092306206 10.7757409347
Pentax_OptioA40_1_31063.JPG 8.30173039959 6.53677437344 5.74551683484
Pentax_OptioA40_1_31064.JPG 5.65358697262 3.93309306255 8.38753662003
Pentax_OptioA40_1_31065.JPG -6.09343639733 -4.48477810639 12.716342666
Pentax_OptioA40_1_31066.JPG -2.98651016912 -4.7037223497 10.4887187827
Pentax_OptioA40_1_31067.JPG 0.887863926872 6.26503617785 11.6855929372
Pentax_OptioA40_1_31068.JPG -2.40092188487 5.93694054242 9.57587117676
Pentax_OptioA40_1_31069.JPG -11.9313982627 -1.41598275617 5.04949531354
Pentax_OptioA40_1_31070.JPG -1.44539881585 -23.7108435216 8.57098244339
Pentax_OptioA40_1_31071.JPG -0.0390043817129 -2.79865548146 7.59478864435
Pentax_OptioA40_1_31072.JPG 0.864540967392 -0.0801911054148 5.62921050491
Pentax_OptioA40_1_31073.JPG -13.0889494949 -7.40158198853 6.57711019379
Pentax_OptioA40_1_31074.JPG -11.0674152192 -9.72369143566 4.77490512514
Pentax_OptioA40_1_31075.JPG 12.387358263 8.98898201146 -11.5338549528
Pentax_OptioA40_1_31076.JPG -7.23671352127 16.6289377599 5.97061929505
Pentax_OptioA40_1_31077.JPG -12.9605914453 -3.83874216692 13.2066104693
Pentax_OptioA40_1_31078.JPG -8.4116512432 -2.7984524016 5.08475742137
Pentax_OptioA40_1_31079.JPG -1.81012052788 0.367057151442 8.98506601606
Pentax_OptioA40_1_31080.JPG -3.31509597166 -8.26821105976 -9.83038464315
Pentax_OptioA40_1_31081.JPG -10.2614562177 4.83437095835 9.7996552892
Pentax_OptioA40_1_31082.JPG -7.97051673692 -8.82913837507 0.539087389453
Pentax_OptioA40_1_31083.JPG -0.456942413096 -4.62154867976 -1.22913186365
Pentax_OptioA40_1_31084.JPG 1.84754090096 2.0887499692 2.1985494409
Pentax_OptioA40_1_31085.JPG -9.52300998882 -7.00888651308 7.12748245581
Pentax_OptioA40_1_31086.JPG -8.06676912485 -17.3269281815 10.7675357748
Pentax_OptioA40_1_31087.JPG 3.16253019123 14.14150204 9.53386159571
Pentax_OptioA40_1_31088.JPG -1.22048603139 3.06842307801 6.83680019501
Pentax_OptioA40_1_31089.JPG -16.1671721571 -8.1376546448 3.79966374415
Pentax_OptioA40_1_31090.JPG -19.5737903529 -5.33675387176 3.42314110968
Pentax_OptioA40_1_31091.JPG -10.8830259619 -13.6131051689 17.4208302286
Pentax_OptioA40_1_31092.JPG 4.40909422572 5.47885806632 4.2541589335
Pentax_OptioA40_1_31093.JPG -11.1884163225 -10.6942066781 -2.95429043759
Pentax_OptioA40_1_31094.JPG -15.4398840086 -0.518651811041 9.01862057719
Pentax_OptioA40_1_31095.JPG -14.5866929654 -2.22340852053 22.0284305178
Pentax_OptioA40_1_31096.JPG -3.08492660913 -7.98963658754 -3.86799402197
Pentax_OptioA40_1_31097.JPG -17.5027718057 -8.38404704559 9.19371066548
Pentax_OptioA40_1_31098.JPG -13.0182243468 -11.8142327779 1.50904126144
Pentax_OptioA40_1_31099.JPG -5.85837366201 11.4358207216 8.69844061349
Pentax_OptioA40_1_31100.JPG -1.9550231793 2.63455226641 2.46592830481
Pentax_OptioA40_1_31163.JPG -14.3987488984 -3.91431193963 5.48955139014
Pentax_OptioA40_1_31164.JPG -8.06508885891 -0.860824708801 9.35861954702
Pentax_OptioA40_1_31165.JPG -2.68264824552 6.06121359432 14.3448524607
Pentax_OptioA40_1_31166.JPG 1.51899301191 7.11852769963 5.63600786684
Pentax_OptioA40_1_31167.JPG 0.355952872557 -12.9389567011 -2.666815326
Pentax_OptioA40_1_31169.JPG 0.824353475906 -0.917243482224 11.3234109672
Pentax_OptioA40_1_31170.JPG 10.7520994319 3.14430408181 5.88517942922
Pentax_OptioA40_1_31171.JPG -10.4339088657 -3.80557489619 7.62206705911
Pentax_OptioA40_1_31172.JPG -11.8780494068 -18.3900477807 0.589234537186
Pentax_OptioA40_1_31173.JPG -10.6807132676 -20.3137228825 1.08446707702
Pentax_OptioA40_1_31174.JPG -7.6354579979 -13.2402089085 1.49753666773
Pentax_OptioA40_1_31175.JPG 7.78816500106 10.2082687939 7.89551110545
Pentax_OptioA40_1_31176.JPG 1.38281130763 -8.79575296337 -0.360810278004
Pentax_OptioA40_1_31177.JPG -15.2254076284 -4.28624324959 1.22865818406
Pentax_OptioA40_1_31178.JPG 6.27728679076 -2.34993944271 2.8864909866
Pentax_OptioA40_1_31179.JPG -7.46044677763 -4.01437431109 1.00526857463
Pentax_OptioA40_1_31180.JPG -3.11083224119 6.92872510347 0.722645554128
Pentax_OptioA40_1_31181.JPG -5.62567843727 7.74056774216 0.629704214319
Pentax_OptioA40_1_31182.JPG 3.77247906261 -1.90834078529 7.86480021027
Pentax_OptioA40_1_31183.JPG -4.33476443193 -12.416842472 -3.06909137294
Pentax_OptioA40_1_31184.JPG -8.13842175189 -16.181093755 -2.36343522272
Pentax_OptioA40_1_31185.JPG -1.20415286047 2.50592895357 13.2029390013
Pentax_OptioA40_1_31186.JPG -6.39615593249 -0.0290693126275 2.87843499014
Pentax_OptioA40_1_31187.JPG -19.8623378492 -4.0065653158 11.8002438779
Pentax_OptioA40_1_31188.JPG -18.656460563 -2.20299629453 13.1672469926
Pentax_OptioA40_1_31189.JPG -9.17136195476 -1.3238379815 16.8825776485
Pentax_OptioA40_1_31190.JPG 7.68283108078 15.0387228073 5.74629882312
Pentax_OptioA40_1_31191.JPG 7.58310319764 2.16470174996 3.46128786249
Pentax_OptioA40_1_31198.JPG -12.3992903418 2.03253493264 7.55264913613
Pentax_OptioA40_1_31199.JPG -11.3051725007 -0.145021772327 -3.01087120082
Pentax_OptioA40_1_31200.JPG -9.48803641363 4.07908402789 18.4273076064
Pentax_OptioA40_1_31201.JPG -5.33058845219 3.71745051521 -2.0803434378
Pentax_OptioA40_1_31202.JPG -6.60287688337 1.50523599084 -1.3102428368
Pentax_OptioA40_1_31203.JPG -9.67941946234 5.61640286236 16.391134673
Pentax_OptioA40_1_31204.JPG -18.9101798991 21.6015042796 15.5426796982
Pentax_OptioA40_1_31205.JPG -8.53274170608 -5.85203497995 15.8192555122
Pentax_OptioA40_1_31206.JPG -7.68392237477 7.08561460401 6.97795720145
Pentax_OptioA40_1_31207.JPG -4.96075686176 13.1352477415 4.02785910291
Pentax_OptioA40_1_31208.JPG -7.7528873624 -6.48697179045 -3.79158860384
Pentax_OptioA40_1_31209.JPG 1.0530461306 6.10768327825 1.39742701919
Pentax_OptioA40_1_31210.JPG -6.32149816678 0.478979984821 -5.85452862853
Pentax_OptioA40_1_31211.JPG -8.77541606318 -4.11804636765 -3.91720697794
Pentax_OptioA40_1_31212.JPG -7.35695874434 12.7087366815 3.37697026766
Pentax_OptioA40_1_31213.JPG -7.67698755263 8.49710170199 4.92089492653
Pentax_OptioA40_1_31214.JPG -5.89875760666 3.15079687852 10.1066899424
Pentax_OptioA40_1_31215.JPG -13.2015134267 -16.0757081584 5.25182988172
Pentax_OptioA40_1_31216.JPG -16.9680090688 -12.435997988 -1.2552992278
Pentax_OptioA40_1_31217.JPG -1.37429830664 1.12452210097 -1.31232849869
Pentax_OptioA40_1_31218.JPG 13.0034069147 10.2779843443 7.51952600309
Pentax_OptioA40_1_31219.JPG -10.4846607276 1.12165890099 1.5923181042
Pentax_OptioA40_1_31220.JPG -7.67024014597 1.52892015618 13.8205387235
Pentax_OptioA40_1_31221.JPG -5.65995595328 1.41463848376 15.2791347415
Pentax_OptioA40_1_31222.JPG 3.15562380885 2.93705360653 11.8109201771
Pentax_OptioA40_1_31223.JPG -10.4145049026 -9.40932691485 21.5090523341
Pentax_OptioA40_1_31224.JPG -17.8857362521 -13.5137540601 11.9393072343
Pentax_OptioA40_1_31225.JPG -11.6364671233 -13.7257534908 11.8268992891
Pentax_OptioA40_1_31226.JPG -13.9521781942 2.06143437457 14.2250636744
Pentax_OptioA40_1_31227.JPG -14.026946399 3.72139938033 12.3333176954
Pentax_OptioA40_1_31228.JPG -8.71842646541 -7.75189076828 11.6649675475
Pentax_OptioA40_1_31229.JPG -4.64783895634 -2.87461672011 -2.59207008677
Pentax_OptioA40_1_31230.JPG -2.01462592694 10.5127172408 10.9033144003
Pentax_OptioA40_1_31231.JPG -2.88644964743 -1.69170386699 1.279740833
Pentax_OptioA40_1_31232.JPG -6.12201853607 -6.17789520628 -9.58166571067
Pentax_OptioA40_1_31233.JPG -4.232567137 -2.19415785969 7.72162654214
Pentax_OptioA40_1_31234.JPG -6.96930049535 -4.02759033315 8.64650468316
Pentax_OptioA40_1_31235.JPG 2.69785062322 -14.5842707412 23.2741301144
Pentax_OptioA40_1_31236.JPG -38.7748777649 13.5515975567 -6.97169553875
Pentax_OptioA40_1_31237.JPG -8.31924297331 -10.4548974169 14.1708462831
Pentax_OptioA40_1_31238.JPG -13.1760552057 -3.81509451054 17.9053453312
Pentax_OptioA40_1_31239.JPG -7.75539205689 -4.04527412105 25.0985560004
Pentax_OptioA40_1_31240.JPG 1.42881895626 9.03240848392 8.76757744618
Pentax_OptioA40_1_31241.JPG -10.6917631804 -10.2725614377 8.86386893119
Pentax_OptioA40_1_31242.JPG -6.69686056571 -9.99585878699 5.77304358549
Pentax_OptioA40_1_31243.JPG 1.72076087792 9.58314582093 14.5576244327
Pentax_OptioA40_1_31244.JPG 4.49526424485 1.09253849098 5.51434435563
Pentax_OptioA40_1_31245.JPG 1.29302669157 4.91416510758 8.23249637094
Pentax_OptioA40_1_31246.JPG -2.29787163867 6.60148996189 5.8304934016
Pentax_OptioA40_1_31247.JPG -8.59526779048 1.5554079137 6.39843296268
Pentax_OptioA40_1_31248.JPG -11.4904881794 -0.696040062282 10.8692847264
Pentax_OptioA40_1_31249.JPG -16.5401585217 -7.33255668211 13.8464554986
Pentax_OptioA40_1_31250.JPG -4.5523289817 4.31298165671 4.8416238711
Pentax_OptioA40_1_31251.JPG 1.37637443373 1.94411924027 8.56294131011
Pentax_OptioA40_1_31252.JPG -11.4133317874 -5.00723085221 4.63154683505
Pentax_OptioA40_1_31253.JPG -5.03261028762 -5.65775694543 5.20218028025
Pentax_OptioA40_1_31254.JPG -2.16269999761 -1.34898938911 4.9111211947
Pentax_OptioA40_1_31255.JPG 1.34863354573 3.14700143072 5.40471778011
Pentax_OptioA40_1_31256.JPG 0.52146731029 -5.22456371032 5.87120382252
Pentax_OptioA40_1_31257.JPG -4.23413989544 1.0999808308 6.29447112841
Pentax_OptioA40_1_31258.JPG -7.06120583206 -6.38121606736 4.29313822806
Pentax_OptioA40_1_31259.JPG -11.1803405103 -6.81433930055 2.43240016011
Pentax_OptioA40_1_31260.JPG -12.2889286254 -7.27236233236 10.0719974423
Pentax_OptioA40_1_31261.JPG -11.3748528505 -2.88029743777 0.95726344278
Pentax_OptioA40_1_31262.JPG -1.5438880909 -4.98361519281 3.30198181009
Pentax_OptioA40_1_31263.JPG -3.13805590254 -21.6133340782 -0.216015174411
Pentax_OptioA40_1_31264.JPG 0.424509655345 -10.0767931454 3.8341583514
Pentax_OptioA40_1_31265.JPG 5.05273586197 7.15565919368 11.1076372863
Pentax_OptioA40_1_31266.JPG -13.656749441 -3.9334731143 9.55400206241
Pentax_OptioA40_1_31267.JPG -10.156428125 -3.97184089492 10.8200849288
Pentax_OptioA40_1_31268.JPG -4.70484441435 -1.05830943605 11.4568038693
Pentax_OptioA40_1_31269.JPG 5.00463969386 11.3591035647 10.8959215041
Pentax_OptioA40_1_31270.JPG 4.39976430876 10.1584031009 4.52681239652
Pentax_OptioA40_1_31272.JPG -5.43090105901 -7.66539266709 8.99336979428
Pentax_OptioA40_1_31273.JPG -5.41450505289 7.52186296422 18.22502549
Pentax_OptioA40_1_31274.JPG -3.25402215885 -11.3296123292 1.32247570126
Pentax_OptioA40_1_31275.JPG -0.72119247617 9.5669904631 3.39228641281
Pentax_OptioA40_1_31281.JPG -4.51349756889 -14.2688446528 5.45815306502
Pentax_OptioA40_1_31282.JPG -12.5521011079 -8.24179086189 15.3797609729
Pentax_OptioA40_1_31283.JPG -5.90763641055 7.69088056155 11.6941214052
Pentax_OptioA40_1_31284.JPG -11.7993039783 9.80083291962 7.78470414221
Pentax_OptioA40_1_31285.JPG 0.0346042909337 13.8734641695 13.4751570876
Pentax_OptioA40_1_31286.JPG 2.97174518568 -4.92208052775 2.34230174598
Pentax_OptioA40_1_31287.JPG 1.31166271243 -1.86226678946 1.79546937676
Pentax_OptioA40_1_31293.JPG -18.4345411411 -2.9522629553 7.15523764113
Pentax_OptioA40_1_31294.JPG -6.03998887265 -12.175820241 10.1043258744
Pentax_OptioA40_1_31295.JPG -0.457128201842 12.9253715494 6.20678690706
Pentax_OptioA40_1_31296.JPG 1.6129291412 14.2364064868 5.52461359245
Pentax_OptioA40_1_31297.JPG -1.28751932728 16.9206264207 9.66565661297
Pentax_OptioA40_1_31298.JPG -3.55270681819 -6.77293445273 0.647060603301
Pentax_OptioA40_2_31553.JPG 21.9805469804 -10.4748246881 9.96623371502
Pentax_OptioA40_2_31554.JPG 12.1292037145 -12.3779050016 11.0448036319
Pentax_OptioA40_2_31555.JPG 9.26963113563 3.22703934401 17.2752634967
Pentax_OptioA40_2_31556.JPG -1.64478959943 -1.78650990636 22.3166924071
Pentax_OptioA40_2_31557.JPG 14.8090689357 -5.27333112114 4.76362202418
Pentax_OptioA40_2_31558.JPG 17.4693975192 -5.54467345272 2.94002274497
Pentax_OptioA40_2_31559.JPG 11.2447476768 -8.70581278249 18.0409214216
Pentax_OptioA40_2_31560.JPG 9.78805722058 -11.7352113715 17.5760301588
Pentax_OptioA40_2_31561.JPG 18.1067455624 -10.2256196403 14.50830966
Pentax_OptioA40_2_31562.JPG 15.5348603597 -7.68960646372 16.088197468
Pentax_OptioA40_2_31563.JPG 4.79012197522 -3.61925557673 11.7206505084
Pentax_OptioA40_2_31564.JPG 1.87845689686 -4.23746056649 14.6640260956
Pentax_OptioA40_2_31565.JPG 14.4538075379 -9.83509722133 13.1079929426
Pentax_OptioA40_2_31566.JPG 14.6625109068 -12.0379308489 15.5135841323
Pentax_OptioA40_2_31567.JPG 5.35394943075 -9.13824584443 12.0450289044
Pentax_OptioA40_2_31568.JPG 3.88119859455 -4.70900240632 17.361634499
Pentax_OptioA40_2_31569.JPG 2.41692911596 -7.90054753861 19.2005898472
Pentax_OptioA40_2_31570.JPG 8.1714575929 -6.14120598468 12.3860350879
Pentax_OptioA40_2_31571.JPG 16.7654795781 -7.48585562999 12.4777769292
Pentax_OptioA40_2_31572.JPG 20.2947223081 -7.55333139781 12.6135071933
Pentax_OptioA40_2_31573.JPG 17.1267520929 -3.65057746285 16.1692273247
Pentax_OptioA40_2_31574.JPG 12.1415884554 -4.52987297941 14.7119934049
Pentax_OptioA40_2_31575.JPG -0.6265429517 8.48023324335 19.5314775291
Pentax_OptioA40_2_31576.JPG 0.257366744565 -6.26602252596 17.0754098319
Pentax_OptioA40_2_31577.JPG -17.5497845485 3.64333591965 6.89253008917
Pentax_OptioA40_2_31578.JPG -18.4516395097 4.29297010596 9.82068134322
Pentax_OptioA40_2_31579.JPG 6.87110652115 -3.4230801272 14.7108964481
Pentax_OptioA40_2_31580.JPG 3.8160302565 -8.81711691548 16.4601205757
Pentax_OptioA40_2_31581.JPG 19.6186508418 -7.32091845303 16.6629622523
Pentax_OptioA40_2_31582.JPG 17.221800747 -14.8386196611 13.0883811388
Pentax_OptioA40_2_31583.JPG -5.48357077993 -9.97724246836 19.1992145005
Pentax_OptioA40_2_31584.JPG 3.2726712155 -14.9878385359 16.1644838305
Pentax_OptioA40_2_31585.JPG 13.297720681 -9.52672074094 4.25695867041
Pentax_OptioA40_2_31586.JPG 19.8287926463 -0.489858229408 6.01105891602
Pentax_OptioA40_2_31587.JPG 10.3825170705 -0.8519042101 15.9516074105
Pentax_OptioA40_2_31588.JPG 1.41427597926 3.673900512 17.1964464617
Pentax_OptioA40_2_31589.JPG -3.01513292639 -3.2581582359 16.3176188419
Pentax_OptioA40_2_31590.JPG 12.5371833048 -12.8106329014 0.919963858756
Pentax_OptioA40_2_31591.JPG 11.2064245803 -5.42385868775 6.56573893968
Pentax_OptioA40_2_31592.JPG 9.88207395509 -9.53353830519 13.2782446706
Pentax_OptioA40_2_31593.JPG 17.4885209613 5.24143184011 16.9953279139
Pentax_OptioA40_2_31654.JPG 17.4000497379 -10.5635506682 10.4815143027
Pentax_OptioA40_2_31655.JPG 15.8592773251 -11.176726832 7.55793391651
Pentax_OptioA40_2_31656.JPG 8.66521197486 -4.93786960845 17.4885946319
Pentax_OptioA40_2_31657.JPG 3.45293495707 -11.4749608053 19.3168053227
Pentax_OptioA40_2_31658.JPG 2.09099653572 -4.48146165384 20.6087220358
Pentax_OptioA40_2_31659.JPG 1.6219346063 -8.26384812094 13.8254448019
Pentax_OptioA40_2_31660.JPG -18.9450768948 -2.62715362178 -13.1878990271
Pentax_OptioA40_2_31661.JPG 16.414904955 -7.86171655944 6.50482805707
Pentax_OptioA40_2_31662.JPG -0.587323392283 -6.35442201411 25.000103652
Pentax_OptioA40_2_31663.JPG 2.45155984383 -12.505984669 11.1360891204
Pentax_OptioA40_2_31664.JPG 11.1828036928 -5.8495912551 2.60858834084
Pentax_OptioA40_2_31665.JPG 11.4994150799 -19.1593487366 4.58581156328
Pentax_OptioA40_2_31666.JPG 9.49706320094 -20.5865656271 3.84722525525
Pentax_OptioA40_2_31667.JPG 23.5813374204 -4.80296641441 3.49401530721
Pentax_OptioA40_2_31668.JPG 24.27387824 -3.97002852478 5.87688695758
Pentax_OptioA40_2_31669.JPG 15.92236354 4.41744322416 6.94775433741
Pentax_OptioA40_2_31670.JPG 10.4984805257 -3.17051847301 23.8142681117
Pentax_OptioA40_2_31671.JPG -2.90089240668 -8.4938945551 14.8130620397
Pentax_OptioA40_2_31672.JPG -2.30171274835 2.84984004165 21.2593987366
Pentax_OptioA40_2_31673.JPG 10.5374828048 7.07441620607 10.5951599936
Pentax_OptioA40_2_31674.JPG 3.09476802213 -17.6659092019 12.3046176452
Pentax_OptioA40_2_31675.JPG -7.52891794584 -3.67949964122 20.5545550062
Pentax_OptioA40_2_31676.JPG -0.123211896557 -16.0301386205 1.88272107754
Pentax_OptioA40_2_31677.JPG -0.459442278205 -18.3794545151 2.58143671181
Pentax_OptioA40_2_31678.JPG 7.2957283335 -13.2031237265 10.1272590163
Pentax_OptioA40_2_31679.JPG 5.38219220605 11.0283444322 18.54609344
Pentax_OptioA40_2_31680.JPG -2.11165236409 -14.0856233525 12.3623082994
Pentax_OptioA40_2_31685.JPG 11.467957253 -13.044346607 6.47689700593
Pentax_OptioA40_2_31686.JPG 15.9829028313 -16.5707820434 2.3879749009
Pentax_OptioA40_2_31687.JPG 9.05652487381 4.47786457715 21.8830274108
Pentax_OptioA40_2_31688.JPG 11.5316766623 8.80698968541 16.2396248682
Pentax_OptioA40_2_31689.JPG 9.9003489212 10.8051657532 14.4679805728
Pentax_OptioA40_2_31690.JPG 2.68157898629 -16.0081827297 6.76239625791
Pentax_OptioA40_2_31691.JPG 14.7586385973 -15.1026283297 4.56262936142
Pentax_OptioA40_2_31692.JPG 21.7020255516 -4.19124473947 9.70120202638
Pentax_OptioA40_2_31693.JPG 20.2248427497 -13.4830424035 6.70467232376
Pentax_OptioA40_2_31694.JPG 4.93950812649 -20.2192458347 7.6544420849
Pentax_OptioA40_2_31695.JPG -8.53824761754 12.1210858246 14.0464639984
Pentax_OptioA40_2_31696.JPG 5.68289342488 6.01722333489 16.0685738462
Pentax_OptioA40_2_31697.JPG 19.6919072594 6.33910439821 10.7864135411
Pentax_OptioA40_2_31698.JPG 14.8770475785 5.57358265184 11.8958771804
Pentax_OptioA40_2_31699.JPG -6.57698515459 12.225276712 15.603246212
Pentax_OptioA40_2_31700.JPG 10.0841909592 2.93643068972 12.4339066684
Pentax_OptioA40_2_31701.JPG 12.4672749976 0.903685524661 20.8400229822
Pentax_OptioA40_2_31702.JPG -1.59351587735 -17.6127664096 15.814763693
Pentax_OptioA40_2_31703.JPG 6.38320993939 -7.55008035345 1.89429949765
Pentax_OptioA40_2_31704.JPG 6.07036837982 -16.0422192513 1.22421867334
Pentax_OptioA40_2_31705.JPG 8.4699182935 -16.5599407231 0.777017718992
Pentax_OptioA40_2_31706.JPG 24.0206390761 -26.2377597728 -31.5442042305
Pentax_OptioA40_2_31707.JPG 2.55223541608 -18.188172345 -2.17188218762
Pentax_OptioA40_2_31708.JPG -12.5732330914 14.7591365435 5.50903123984
Pentax_OptioA40_2_31709.JPG 8.84566145332 -7.46480515179 21.2839042208
Pentax_OptioA40_2_31710.JPG 8.50914024825 -8.00492324893 23.847463721
Pentax_OptioA40_2_31711.JPG -3.10752422397 -5.99422546207 20.4494409624
Pentax_OptioA40_2_31712.JPG 7.59981286009 -4.07039531074 6.59493149857
Pentax_OptioA40_2_31713.JPG 7.20996733033 0.123594543193 11.4759156247
Pentax_OptioA40_2_31714.JPG 12.9966750601 0.117956292025 9.11826836973
Pentax_OptioA40_2_31715.JPG 9.32887517262 -11.210764546 21.2809156259
Pentax_OptioA40_2_31716.JPG 6.3825648986 -10.1219034076 22.1640167186
Pentax_OptioA40_2_31717.JPG 12.6280401228 -13.6689280342 20.4093271665
Pentax_OptioA40_2_31718.JPG 9.29473325038 -0.723272584281 7.45431642713
Pentax_OptioA40_2_31719.JPG 20.2996577774 -8.30676179626 5.23962776847
Pentax_OptioA40_2_31720.JPG 13.5006147268 -5.75757562398 8.9360144263
Pentax_OptioA40_2_31721.JPG 19.6723892097 -0.861528409584 12.7657783457
Pentax_OptioA40_2_31722.JPG 5.13612928298 -4.75222776394 24.3840160509
Pentax_OptioA40_2_31723.JPG 6.59969138537 -10.2645565681 18.3555423302
Pentax_OptioA40_2_31724.JPG -10.3026196507 1.39119797867 -21.9120193641
Pentax_OptioA40_2_31725.JPG 7.88577893675 -8.19143598541 16.2419975326
Pentax_OptioA40_2_31726.JPG 14.886269006 -8.47980460339 9.56434851072
Pentax_OptioA40_2_31727.JPG 16.1993666821 -6.2810905148 9.09618426627
Pentax_OptioA40_2_31728.JPG 13.8650133791 -1.4679521931 2.71887191945
Pentax_OptioA40_2_31729.JPG 9.38154240911 -10.2534883295 3.17105760336
Pentax_OptioA40_2_31730.JPG 13.8905555059 -8.35513584505 21.3322734488
Pentax_OptioA40_2_31731.JPG 7.30716611545 -14.6112897861 19.3210209031
Pentax_OptioA40_2_31732.JPG 19.0904243574 -7.49104863927 8.85483514993
Pentax_OptioA40_2_31733.JPG 18.2509990116 -4.75230042272 7.08832375895
Pentax_OptioA40_2_31734.JPG 12.8102387857 -3.72041377812 19.2781930404
Pentax_OptioA40_2_31735.JPG 2.7327358571 -8.99836486904 23.5194663129
Pentax_OptioA40_2_31736.JPG 5.71892498937 -6.86857429745 19.2994854147
Pentax_OptioA40_2_31737.JPG 8.98692856761 -15.5456211432 14.8263136934
Pentax_OptioA40_2_31738.JPG 19.4389395628 -11.671465285 1.33748985758
Pentax_OptioA40_2_31739.JPG 15.4968347687 -1.36227158892 6.00598686823
Pentax_OptioA40_2_31740.JPG 17.5409175379 -10.7824291727 2.21502261568
Pentax_OptioA40_2_31741.JPG 6.0214110785 -11.8206927705 14.8384921727
Pentax_OptioA40_2_31742.JPG -6.60221941185 -2.84526050089 -19.6104359624
Pentax_OptioA40_2_31743.JPG 13.7440655626 -6.32194909667 12.1823584772
Pentax_OptioA40_2_31744.JPG 17.8128096808 -4.60543301827 11.5747634911
Pentax_OptioA40_2_31745.JPG 5.28862629934 -6.58042642163 14.6156954184
Pentax_OptioA40_2_31746.JPG -15.3927396057 -12.5944216758 7.28562355264
Pentax_OptioA40_2_31747.JPG 15.7033906534 -14.1292623534 9.25598824364
Pentax_OptioA40_2_31748.JPG 15.4676250562 -2.94400720655 9.44621555481
Pentax_OptioA40_2_31749.JPG -0.979715134116 -10.420087682 20.5315726488
Pentax_OptioA40_2_31750.JPG 0.514374376247 -11.3490951335 16.1810846474
Pentax_OptioA40_2_31751.JPG 0.715527967907 -0.950462026243 17.6678616638
Pentax_OptioA40_2_31752.JPG 3.56490564331 -0.216811080919 23.3889656731
Pentax_OptioA40_2_31753.JPG 11.9322285366 -9.47761963259 8.61957028845
Pentax_OptioA40_2_31754.JPG 15.0733367806 -3.05203499037 12.841257001
Pentax_OptioA40_2_31756.JPG 17.2688750065 0.824026963772 9.85463645211
Pentax_OptioA40_2_31757.JPG 5.11944494043 -10.027489738 5.37727372197
Pentax_OptioA40_2_31758.JPG -0.262584406972 -12.9302690264 7.23519697143
Pentax_OptioA40_2_31759.JPG 0.304686732754 -15.0041384972 19.860607257
Pentax_OptioA40_2_31762.JPG 10.8448419164 -2.7093352652 10.645194946
Pentax_OptioA40_2_31763.JPG 11.3045942647 -17.0276202196 10.2512914568
Pentax_OptioA40_2_31764.JPG 8.79849484679 -18.0057796935 9.85481742841
Pentax_OptioA40_2_31765.JPG 3.84736501881 5.18514035283 21.0631953919
Pentax_OptioA40_2_31766.JPG 3.3556041668 5.27323346913 23.4962920863
Pentax_OptioA40_2_31767.JPG -1.7928346609 -9.9364288695 10.2293109747
Pentax_OptioA40_2_31768.JPG 5.15084940193 0.195061017667 17.0799869547
Pentax_OptioA40_2_31769.JPG -5.14315619252 -14.0004306546 16.3364532725
Pentax_OptioA40_2_31774.JPG 6.89418722037 -14.0272296224 5.50359535022
Pentax_OptioA40_2_31775.JPG 8.39163986765 -8.29675417339 8.21012277926
Pentax_OptioA40_2_31776.JPG 1.55354326897 -7.19393390262 10.0664796549
Pentax_OptioA40_2_31777.JPG 4.3614043051 -7.16717931811 8.56291194146
Pentax_OptioA40_2_31778.JPG 7.00241837671 -2.00744516481 20.6905574918
Pentax_OptioA40_2_31779.JPG -2.2408877955 -18.2946901133 9.49638007115
Pentax_OptioA40_3_32266.JPG 3.85393996995 -4.72754686188 -2.65865819764
Pentax_OptioA40_3_32268.JPG 0.240245433302 0.895096203596 -15.296365907
Pentax_OptioA40_3_32269.JPG 14.285793695 0.462006606154 -8.84120332484
Pentax_OptioA40_3_32270.JPG 21.8974318091 -4.77273487295 -5.10281226034
Pentax_OptioA40_3_32271.JPG 13.5378478873 8.45454612989 -1.44011151564
Pentax_OptioA40_3_32272.JPG 12.3059926062 0.845091058748 -3.03063770642
Pentax_OptioA40_3_32273.JPG 13.9349869916 -9.0561743852 -5.64454659425
Pentax_OptioA40_3_32274.JPG 13.996063371 -6.10331905309 -4.40562061565
Pentax_OptioA40_3_32275.JPG 3.16706716776 3.65757333468 -6.06622938277
Pentax_OptioA40_3_32276.JPG 4.17950463003 1.41915737428 -17.1283653098
Pentax_OptioA40_3_32277.JPG 7.44688304883 -8.54336552396 -8.96976497447
Pentax_OptioA40_3_32278.JPG 13.7907497296 -11.1778654951 -11.7945327444
Pentax_OptioA40_3_32279.JPG 1.53179155485 0.448829041934 -4.98049924803
Pentax_OptioA40_3_32280.JPG 5.05909639498 2.23903749203 -13.0081060512
Pentax_OptioA40_3_32281.JPG 11.5868801622 -6.24952733941 -14.0920068335
Pentax_OptioA40_3_32282.JPG 11.6222766698 -8.52207171975 -10.1243446829
Pentax_OptioA40_3_32283.JPG 6.22596138899 0.665918999672 -9.83102449726
Pentax_OptioA40_3_32284.JPG 5.64630536185 3.61177737462 -9.75325115605
Pentax_OptioA40_3_32285.JPG 9.3617954681 -14.7264896162 -6.7824017645
Pentax_OptioA40_3_32286.JPG 14.8045119338 -4.50318052196 -12.1080157561
Pentax_OptioA40_3_32287.JPG -1.76902798891 0.455469537634 -6.12959168635
Pentax_OptioA40_3_32288.JPG 8.55686196056 -1.32530116957 -12.3987442454
Pentax_OptioA40_3_32289.JPG 7.15542864313 -5.95016846493 -12.0455940726
Pentax_OptioA40_3_32290.JPG 15.3107533861 -9.65346621541 -14.4759762386
Pentax_OptioA40_3_32291.JPG 9.42217811909 5.2138205215 -3.82098105087
Pentax_OptioA40_3_32292.JPG -13.03309116 17.2509733953 -9.44375065545
Pentax_OptioA40_3_32293.JPG 10.3943208828 -4.98003618512 -10.9802417589
Pentax_OptioA40_3_32294.JPG -12.6784173694 9.12914136458 12.0923114784
Pentax_OptioA40_3_32295.JPG -0.602018943766 4.18390354311 -6.74215055964
Pentax_OptioA40_3_32296.JPG -0.627939391168 -3.43809801548 -14.2802921215
Pentax_OptioA40_3_32297.JPG 12.6892790927 -1.69510725294 -12.7764766718
Pentax_OptioA40_3_32298.JPG 15.742460112 -6.14256210761 -16.4572506112
Pentax_OptioA40_3_32299.JPG 0.967634691349 17.9877870513 2.65455579846
Pentax_OptioA40_3_32300.JPG 3.80738304401 -8.31145573159 -6.02315424834
Pentax_OptioA40_3_32302.JPG 15.0991170042 -2.23409755799 -4.75083296357
Pentax_OptioA40_3_32303.JPG 0.653952489805 -10.8236964005 -16.3681974061
Pentax_OptioA40_3_32304.JPG 2.19197099377 -12.982350719 -16.0829655617
Pentax_OptioA40_3_32305.JPG 15.6916775464 11.7788285297 2.6847642592
Pentax_OptioA40_3_32306.JPG 1.48629373925 5.15251435072 -2.82607589142
Pentax_OptioA40_3_32307.JPG 13.2691558149 -4.23226849315 -1.32353045802
Pentax_OptioA40_3_32308.JPG 17.6212607031 6.34882936707 -6.29125827334
Pentax_OptioA40_3_32370.JPG 1.70634752707 0.118824807581 -11.0917470003
Pentax_OptioA40_3_32371.JPG 1.31418833277 -0.387615929988 -8.62488243485
Pentax_OptioA40_3_32372.JPG 2.77653020893 1.7576555459 -8.96121584964
Pentax_OptioA40_3_32373.JPG 9.9970929839 0.853064097982 -9.0042376133
Pentax_OptioA40_3_32374.JPG 15.8012424105 -2.90955660138 -8.64609887185
Pentax_OptioA40_3_32375.JPG 18.2379951717 -5.44366605592 -9.50918662126
Pentax_OptioA40_3_32376.JPG 10.852497704 -12.1218953617 -9.16189955473
Pentax_OptioA40_3_32377.JPG 10.0076764622 -9.08128283835 -5.9585339474
Pentax_OptioA40_3_32378.JPG 6.63548682958 5.00994877765 -6.30566645886
Pentax_OptioA40_3_32379.JPG 8.98286561646 3.37087129173 -6.82933298676
Pentax_OptioA40_3_32380.JPG 9.37175735078 7.17159301755 -7.73869761163
Pentax_OptioA40_3_32381.JPG 12.5887591998 8.35749677592 -5.68596305358
Pentax_OptioA40_3_32382.JPG 12.9603565101 4.68157602737 -9.25449320171
Pentax_OptioA40_3_32383.JPG 17.3471220984 1.4303145883 -15.8168355385
Pentax_OptioA40_3_32384.JPG 13.054968463 -15.9771928058 -11.3060034296
Pentax_OptioA40_3_32385.JPG 18.0700346638 -0.215546234422 -11.0465122246
Pentax_OptioA40_3_32386.JPG 4.40679694343 -6.70981915732 -19.5533598182
Pentax_OptioA40_3_32387.JPG 6.11173707413 -9.35078344335 -18.5005648512
Pentax_OptioA40_3_32388.JPG -0.153245786202 -10.3493001074 -7.19420419491
Pentax_OptioA40_3_32389.JPG -0.714808283778 -12.3977567892 -8.42536275907
Pentax_OptioA40_3_32390.JPG 1.23941744524 4.33507168488 -10.6581823038
Pentax_OptioA40_3_32391.JPG 8.44704666532 1.68137154969 -15.8194867119
Pentax_OptioA40_3_32392.JPG 2.58589496329 -8.22053203323 -10.7581027587
Pentax_OptioA40_3_32393.JPG 13.6785710793 0.742483189839 -19.9033299642
Pentax_OptioA40_3_32394.JPG -3.17967501031 2.49935236019 -21.053146146
Pentax_OptioA40_3_32395.JPG 4.33745044406 -8.7468228741 -13.9000447953
Pentax_OptioA40_3_32396.JPG 8.81502989852 2.93229800124 -20.8634951658
Pentax_OptioA40_3_32397.JPG 11.341338926 1.93624915228 -20.5843123857
Pentax_OptioA40_3_32398.JPG 1.97117607525 -4.16843195726 -11.0563069275
Pentax_OptioA40_3_32399.JPG -3.63080211298 -1.05050612788 -24.0755447627
Pentax_OptioA40_3_32405.JPG 17.1200139367 1.19892046228 -4.65756731643
Pentax_OptioA40_3_32406.JPG 8.62740435479 -14.8834630263 -15.0952960899
Pentax_OptioA40_3_32407.JPG 16.3245968309 -12.3703898918 -3.36053196931
Pentax_OptioA40_3_32408.JPG 14.3323082755 2.27341846633 15.1091625049
Pentax_OptioA40_3_32409.JPG -4.77318680166 17.7293061165 0.723750613256
Pentax_OptioA40_3_32410.JPG -6.64524899117 16.9232340302 -0.383456107758
Pentax_OptioA40_3_32411.JPG -0.141708967338 -4.48622682131 -18.8596789064
Pentax_OptioA40_3_32412.JPG 10.7748927279 -2.67852360448 -4.58981265101
Pentax_OptioA40_3_32413.JPG -2.5562832971 -3.5340698913 -9.94552297619
Pentax_OptioA40_3_32414.JPG 6.61465814493 9.34370974346 -3.40294340656
Pentax_OptioA40_3_32415.JPG 8.77560132984 10.6537633589 -2.90903759599
Pentax_OptioA40_3_32416.JPG -3.34487972742 -3.83055856233 -7.60671810982
Pentax_OptioA40_3_32417.JPG 11.971377074 -2.70232155252 -16.8916649557
Pentax_OptioA40_3_32418.JPG 15.701188897 5.80287731459 -14.3053318585
Pentax_OptioA40_3_32419.JPG 13.5520011542 -15.7290382107 -5.29207246253
Pentax_OptioA40_3_32420.JPG 19.2562661035 4.47775498615 1.99134317401
Pentax_OptioA40_3_32421.JPG 8.28818596327 -6.09588458154 -2.16763892034
Pentax_OptioA40_3_32422.JPG 10.1128907323 11.0534378257 2.29336922078
Pentax_OptioA40_3_32423.JPG 10.552556006 12.6622553865 0.537078381871
Pentax_OptioA40_3_32424.JPG 4.71448520675 -2.42560410925 -15.3632098581
Pentax_OptioA40_3_32425.JPG 17.4090066724 6.8056404022 2.66492374516
Pentax_OptioA40_3_32426.JPG 16.8493341558 9.91903441263 -9.17151465433
Pentax_OptioA40_3_32427.JPG 16.9668767845 -5.92976315917 -6.37741346334
Pentax_OptioA40_3_32428.JPG 18.6632821819 -8.6344475862 -5.72001927848
Pentax_OptioA40_3_32429.JPG 20.2092302355 -11.2222807217 -9.33451276807
Pentax_OptioA40_3_32430.JPG 21.0399226185 -9.07370637594 -9.97445509666
Pentax_OptioA40_3_32431.JPG 12.8642837866 2.93867680821 0.67832853203
Pentax_OptioA40_3_32432.JPG 15.6323546884 4.72714244033 -2.04028059111
Pentax_OptioA40_3_32433.JPG -1.8213925535 12.9304076887 0.0362907538229
Pentax_OptioA40_3_32434.JPG 6.01869085486 4.09921390538 -3.02041694148
Pentax_OptioA40_3_32435.JPG 8.40637626876 2.53489751163 -0.968472782008
Pentax_OptioA40_3_32436.JPG 21.6406237353 -2.56503684057 -9.25102255176
Pentax_OptioA40_3_32437.JPG 15.9922111679 -8.51704014693 -8.9893931144
Pentax_OptioA40_3_32438.JPG -8.33913718724 4.82607799313 2.03202041765
Pentax_OptioA40_3_32439.JPG 11.6281552172 -2.68189106195 -8.76338168689
Pentax_OptioA40_3_32440.JPG 8.26959990854 -0.50038973769 -6.7198338647
Pentax_OptioA40_3_32441.JPG 6.65651306 1.54990736482 -6.67048475021
Pentax_OptioA40_3_32447.JPG 6.10326321876 6.64580334036 -0.157109716707
Pentax_OptioA40_3_32448.JPG 9.72809446033 6.34001803272 0.757106348497
Pentax_OptioA40_3_32449.JPG 12.1064175916 -8.90694721968 -1.89772476823
Pentax_OptioA40_3_32450.JPG 16.5682027068 -7.64361779941 -2.01907799574
Pentax_OptioA40_3_32451.JPG 19.0013652687 2.62135506343 -7.82144351521
Pentax_OptioA40_3_32452.JPG 11.8044612271 2.10568949671 -12.0988729848
Pentax_OptioA40_3_32453.JPG 19.002287086 4.5859541646 -11.4879497785
Pentax_OptioA40_3_32454.JPG 15.6904867082 -12.6959833351 -8.55967620544
Pentax_OptioA40_3_32455.JPG 13.5902296427 -5.61929640924 -9.12989907419
Pentax_OptioA40_3_32456.JPG 10.8558499209 -5.45326412207 -7.17500187898
Pentax_OptioA40_3_32457.JPG 4.51983345898 1.30838854008 -0.760547192295
Pentax_OptioA40_3_32458.JPG 6.40202152977 -1.51839336858 -2.06798664946
Pentax_OptioA40_3_32459.JPG 4.45851908227 -0.955786591684 -7.52364488675
Pentax_OptioA40_3_32460.JPG 6.97932334673 -3.43100100431 -8.59939842697
Pentax_OptioA40_3_32461.JPG 9.20850724433 -9.45313381337 -12.7306940163
Pentax_OptioA40_3_32462.JPG 13.8848191174 -7.45063890128 -11.856904827
Pentax_OptioA40_3_32463.JPG 10.7903168385 -9.95149837473 -14.4408765642
Pentax_OptioA40_3_32464.JPG 5.05617015777 -2.02959869466 -11.3535091001
Pentax_OptioA40_3_32465.JPG 6.88705484757 -3.58867040721 -5.24143275637
Pentax_OptioA40_3_32466.JPG 4.88729073205 0.355538396221 -4.45637753944
Pentax_OptioA40_3_32467.JPG -2.26993002127 0.771035414315 -9.86586765412
Pentax_OptioA40_3_32468.JPG 3.79715565959 -4.44036647293 -7.24674029452
Pentax_OptioA40_3_32469.JPG 8.32218446583 -5.29170850912 -16.0828079891
Pentax_OptioA40_3_32470.JPG 17.8298141764 -6.97746778513 -12.9091413088
Pentax_OptioA40_3_32475.JPG 7.52821863292 -2.53880453217 -20.3840027582
Pentax_OptioA40_3_32476.JPG 22.1406021192 2.05453472742 -2.97368003531
Pentax_OptioA40_3_32477.JPG 8.87345315175 1.02698590395 -4.14833691381
Pentax_OptioA40_3_32478.JPG 8.92704702852 4.54258782996 -10.8175970278
Pentax_OptioA40_3_32479.JPG 0.419732705162 -3.62199086244 -5.43642207292
Pentax_OptioA40_3_32480.JPG 11.4700618908 5.06449436614 -15.8752992847
Pentax_OptioA40_3_32481.JPG -2.80229993462 -14.9192774071 -15.063541693
Pentax_OptioA40_3_32482.JPG 17.7008636796 -2.89509330861 -14.0768301707
Pentax_OptioA40_3_32486.JPG 9.86138717649 -1.50583473171 0.0164789483241
Pentax_OptioA40_3_32487.JPG 8.15103959955 -12.2901005574 -2.80197755006
Pentax_OptioA40_3_32488.JPG 5.54939026815 -10.5702574181 -2.34169471326
Pentax_OptioA40_3_32489.JPG 5.58271834067 -13.0677006567 -3.75431823961
Pentax_OptioA40_3_32490.JPG 4.60629743384 -12.7245213923 -10.3865163654
Pentax_OptioA40_3_32491.JPG 6.33697254973 -14.5774194005 -10.2553172804
Pentax_OptioA40_3_32492.JPG 18.6333222378 -0.753344873111 -0.142412321958
Pentax_OptioA40_3_32493.JPG 18.7044793017 -2.96591916503 -2.04868602028
Pentax_OptioA40_3_32494.JPG 12.7314457079 3.74164100365 -5.41785661609
Pentax_OptioA40_3_32495.JPG 19.5223355927 9.54602591187 -2.81271566421
Pentax_OptioA40_3_32496.JPG 3.5288026313 -19.4633575624 -8.94938940692
Pentax_OptioA40_3_32497.JPG 1.07073593829 -17.550083968 -10.3111819356
Pentax_OptioA40_3_32498.JPG 1.94211922494 -17.6108261884 -7.64570468684
Pentax_OptioA40_3_32499.JPG 11.0885479076 -9.14269393412 -19.9295322523
Pentax_OptioA40_3_32500.JPG 12.000751791 -6.67512760612 -20.1267189295
