169758.16246841932
93071.31727971217
80295.95897752437
66199.25322041559
58978.5102773769
54010.871351679
33801.17293346792
13339.997271260028
12727.358653721694
11421.346380337125
8581.232255981462
7678.938984417868
4253.573832570609
2404.5790554234445
2343.9631691622076
2327.0661740639466
2197.665458970126
2144.58924418889
2083.7078412124306
2061.3403873310203
2042.9615178074057
2039.291176373659
1835.685829163692
1551.3761856340132
1545.7449578332912
1413.0804814691953
1406.2449541496792
1352.3173319440432
1333.036323598256
1286.2130221209509
1190.3253491565265
1153.843759779554
1103.5330140250612
1097.988745353097
931.8183197735865
907.2051211205827
905.1368112131192
885.9154113517588
830.5728851757849
804.8992997461366
778.9308014178507
759.9223942465044
690.3526156459291
680.942929968357
624.1020333418452
621.9692447148644
621.7800878501621
603.5496814545385
599.6427698401167
588.7139673658927
580.6132754489308
559.2335832162444
539.4295979965126
510.49216808878424
508.1337839315605
497.42513069167853
492.0802998731084
489.8216834671139
488.87629492124717
477.76373595416226
471.18334565167413
463.28051079444816
457.4806261576095
441.25486709126517
438.6114408227186
436.1303391197334
431.0554899003168
430.07597075103627
416.523213960276
411.9044601669619
408.171096182758
408.1481662989893
402.34892433717386
398.2149724510283
397.8248282404094
392.61102443214617
388.36686145537846
369.56707085457055
356.52459110368017
344.2956312041487
341.97256654919914
340.40203790277445
329.42817134147873
324.267012872599
322.8961068584633
313.8956175522078
313.24716081780184
308.94333859164726
308.36590355427296
307.4862467664722
300.58965823813867
297.58124566177
296.1315325666264
292.3876530615902
285.7407864819386
283.06662553597454
281.5233744870061
276.86748006085514
275.13169169911026
274.60799015734
273.75911605858647
270.78868761314163
270.09862756801795
268.10313134464974
267.14363632568
266.3284016078063
262.74923910327516
256.04313700151783
255.88228258481948
252.13746839171696
244.8069342851927
244.39843857177934
242.25140454018435
240.45856404219305
236.14031770010908
235.04491197296437
229.57195796686898
228.01885345521856
227.5126072301746
224.470587670294
223.47709425198596
219.13304331341178
219.03832102154138
218.61209396244274
216.7906698197772
206.2250618731501
205.0738187509085
204.09973576430568
204.09909085813868
200.68889126667045
198.722397175315
198.4381424206483
189.43729910052173
189.31333432338334
188.10108511975739
186.7960586086526
182.70921621341415
182.67734283850922
177.86774033627086
176.9987382633049
174.2493797274934
171.81347117088697
168.23123902240627
168.19651870888052
165.73994449607645
163.83403176405983
158.81426860770236
157.14395066490664
155.33294503467098
153.71317865072155
152.77672354246332
152.55394973344707
147.31644751069825
147.0098181567032
145.25135591202587
144.2926647235524
142.19899758260354
136.67137394016868
136.55989604528116
135.2433917986967
132.15631090370758
132.0410219814296
131.62645068951676
130.16205921265913
129.6383927014444
129.17661073633042
128.91882170612647
128.63677710891307
128.17012192172092
127.6389222512502
127.44099667140252
127.1790399109475
126.97456252013814
125.86544916571687
125.77862908642975
125.67056027116973
125.21598183558561
124.69776220537426
124.63919212814939
124.22295601210408
123.47026632714669
122.04444669430487
121.98011691490352
121.4074989304037
120.03955756544906
119.89239798227045
117.75987455234332
117.50208109652856
115.62394136008372
115.57617543066966
112.67404947962896
111.55154680559998
111.02208059038213
110.99817670632565
109.18054217100047
109.03441301502968
106.96456092646633
106.67309083700917
106.18107480103927
106.0082878673175
104.76259570651423
104.31915726817336
104.09875208807593
103.55514318586603
103.42221481036749
102.83992087067465
101.27624679598797
100.09678428470215
99.56320890220393
99.4929884202418
98.01052026415664
97.72090758731544
97.5222135106171
97.41500627553039
97.18147326234015
96.47474267496364
95.59900543343258
95.37695765120355
94.73471792694173
94.48238251721327
94.35540482764985
94.11349616465013
93.19016105689798
92.97834676305146
92.02519840541984
90.70346244326437
90.68554012669509
90.6396633777289
90.58130964218806
89.47759355620865
88.25500396846971
88.14939791018503
87.87580642471438
87.76555093150876
86.82589712762027
86.72666462042427
85.55934533433178
85.24619107779037
84.93512463663845
84.43319091936694
84.32077165922333
82.25541253869324
81.82773812278423
80.96018467723113
80.1229888869305
79.14778110635055
78.25665548646778
77.95756938866941
77.16666423355484
76.44952461835007
75.61187437102996
75.49605208817444
74.38305330370412
74.37972935775902
74.16881964534856
73.84786525053319
73.53442773717751
73.41435879329148
73.02401031403467
72.69849588210408
72.44880200633051
72.03680599877625
71.93466953613807
71.74853387261936
71.6343517301272
70.52513575822353
70.45478186833552
69.40321682668214
69.39357045126205
69.25012323066368
69.05283006825684
66.27112892517519
64.41059513006294
63.79742532783917
63.594855729493176
63.49466103979636
62.51470292545313
61.46028304007146
60.68951738248893
60.61473224767843
60.58221006580474
60.56032671857445
60.01215930490671
58.653799473393505
57.97692464669836
57.710004613228136
57.35086004229086
57.05709906443693
56.65580520268033
56.30577594308289
55.3929427117225
54.94374174746129
54.506750018191
53.923610386321
53.23982785912583
53.22920487993835
53.000510267788044
52.82871627059999
52.627984607061244
52.39572053125227
51.36281838300486
51.307914634806
51.19473112538512
50.512851261232036
49.78810691497021
49.75990473136485
48.81319467337524
48.454535321739435
47.85953485365421
47.785933746050915
47.43376606148024
46.4223165636281
46.21515104804981
45.232589368290206
43.84805059868436
43.36841690134726
42.63659340997342
42.40489889724624
42.34122630018021
42.27125252318909
41.76557662624454
41.05114555654574
40.224798131252356
40.10241044904551
39.98480219035044
39.95322787540459
39.495753275779144
39.35969892091727
39.28662105344639
38.476302423933525
38.10014165967072
37.99856024426312
37.934479226664095
37.80471102063917
37.29695607687913
37.271752539139705
36.673653870274
36.65796023647595
36.63765871120855
36.28081942546897
35.76132694569161
35.690599677526016
35.26241430906428
35.205860460339515
35.118169299550495
34.88955238262599
34.81789603134221
34.462745310850174
34.4170159834958
34.16406189010131
33.9967222627933
33.626994188545986
33.606057440715475
33.58096090393422
33.51376843558058
33.48273878470438
33.36533229932867
33.291703097892736
33.24426050337954
33.14957508313574
33.11686226326463
32.86223168445825
32.84390469356999
32.838984315216955
32.813600147752915
32.30030928054437
32.19063111367476
32.13988258167793
32.139538874486504
31.920894009865908
31.602641684718794
31.4528873131029
31.419911019330616
31.376304554073453
31.350055676904077
31.34488945290407
31.23150384239581
31.230467808375238
31.20014969729874
31.193794283466804
31.181380410823042
31.106372009121664
31.027756778290954
30.997412625320237
30.85266053906152
30.7828921625652
30.757969244605295
30.73344319773804
30.70947777841704
30.69342779360846
30.67985962032045
30.60621198247069
30.595517502174946
30.517725207448407
30.483181616118983
30.344465247226612
30.337086370607697
30.288990318318824
30.282764803808433
30.23643295722652
30.182337650268437
30.065278814091
29.91208115234533
29.876604989746294
29.85155780857221
29.803952400002636
29.783620299776757
29.670466368873953
29.640340165160037
29.57552454310079
29.551279023094338
29.522684420382493
29.51460676976371
29.510726704586656
29.485769473295253
29.40324553461114
29.357812770498313
29.356021343352694
29.338585004165246
29.232989283930277
29.220172197506717
29.181781887194525
29.139330785785596
29.10846580882155
29.091800196071066
29.07813965577483
29.05538440516692
28.984692921603465
28.955826750859195
28.933664511762974
28.878042307792192
28.871773039157958
28.85630053929537
28.8500552298961
28.745940680510557
28.73885981329888
28.700726410219943
28.673855370001675
28.66035537324225
28.635593103742856
28.622931096505642
28.608009288878726
28.60633088258147
28.59361092580647
28.590318944561727
28.53059594259247
28.481324014729765
28.46368805642377
28.42997006991243
28.420523377250674
28.41786668159549
28.411086156217984
28.384448136436408
28.374700008553386
28.374509152459
28.366128093269047
28.35396852097376
28.33544508822313
28.332478098937482
28.313641483894845
28.30274391020396
28.30258254253632
28.23456286014256
28.226160564246513
28.197588489509897
28.191299783943986
28.14294191334396
28.121362507975316
28.121241465305435
28.11418776082488
28.113678989518764
28.09781383872418
28.08808945939974
28.06938730504487
28.046531096299308
28.039267308009855
27.981420539052984
27.95772091509605
27.947444962093694
27.920283150630297
27.914884611660597
27.87954061830108
27.879120520880054
27.87905565888841
27.867847060531204
27.862334565124147
27.8328709906808
27.818961760447582
27.79621689398527
27.772815722373966
27.77081243940653
27.74920615653671
27.748523582405497
27.734686616299218
27.73368473782998
27.694589948948472
27.64823308433957
27.64262455440451
27.638216043817692
27.635536894843444
27.606066259964877
27.58512300109694
27.557413559670884
27.52822149237595
27.48579511935741
27.471560062790484
27.357840699369817
27.356291602827216
27.29440487406523
27.274345108725658
27.253149911659257
27.24161549380716
27.226376376896116
27.200447251718472
27.171279099255177
27.157967496278243
27.147531369161456
27.13868976732046
27.090370152063457
27.060063774393146
27.046914633213042
27.023192599025553
27.010243161961764
26.998955570813273
26.9961964286279
26.955166451803493
26.951020627241327
26.949600080424084
26.948744867203658
26.938334792902335
26.90422947342392
26.902343258651662
26.87365755739827
26.86758130463348
26.864977326520183
26.82530307857876
26.807543459993973
26.786663680427857
26.772904769751214
26.751476479592263
26.727923557481418
26.72494606874458
26.692733925783568
26.688307065806598
26.68282181824368
26.654450709562937
26.649463469674618
26.63636585176179
26.621411914901717
26.61481576677823
26.612693321739894
26.595577829674372
26.57891600532478
26.577293071560636
26.57283529077975
26.564325650461026
26.53519713403989
26.53484681021389
26.50577977457111
26.497543560424827
26.497430185732387
26.490685857873423
26.489588117305154
26.47179263640194
26.445052820501342
26.441227328794074
26.42983464732449
26.418024302429558
26.408551083109387
26.404580616595453
26.40439934811042
26.388854483616665
26.370424483769554
26.362042475863674
26.36130065073906
26.35418069563519
26.2910200632628
26.288746367023247
26.28485518228219
26.259673454977275
26.253382060827633
26.239925818935664
26.233615240525978
26.207801752372447
26.189928073460486
26.185601136354265
26.181091727638492
26.170960828704988
26.133448915015286
26.12944308628579
26.11244005874243
26.102406749965137
26.0979657890169
26.091913126787606
26.08548203600954
26.06736352099508
26.041706061286824
26.022554758372117
26.019563800890428
26.019197131522287
26.010972369515706
26.00979962972984
26.008678801706523
25.995658771256497
25.988442932414824
25.969955464237913
25.961089388444652
25.9466650850378
25.942229716484185
25.93426301350373
25.929355431521014
25.913442592734718
25.88216714312775
25.87259808888845
25.864417419990097
25.82767436971634
25.807096842800235
25.799757255743327
25.7887359415674
25.77866522678331
25.770136985729817
25.765317030798617
25.75653628795067
25.744782650826114
25.739231929907138
25.721235994109414
25.716418257470423
25.700758775728705
25.699679077032826
25.68982872407859
25.674793522634467
25.66859647254071
25.650142003078784
25.647696669891843
25.631106452791723
25.625321088846427
25.614797828946504
25.573060668929326
25.570173521882964
25.56629729671344
25.56001770195773
25.53805837833282
25.531231181662083
25.5161798363416
25.51049708211361
25.494976764699672
25.484089239484316
25.474425441450826
25.471944889274194
25.45368018759558
25.45294054423098
25.406706284285193
25.403475436870842
25.401072251037146
25.36179796444972
25.346230710742564
25.32011766763139
25.319990110696697
25.314301630001932
25.302963517486642
25.269340632175737
25.253877336490316
25.233456299305217
25.218761825524396
25.20819503003306
25.194727038570235
25.194095098285263
25.18463578124406
25.183031203139297
25.158178684749114
25.140152540494995
25.138477798135092
25.126787790995742
25.111359613824934
25.103834006486622
25.09190363930852
25.057082829974426
25.05387342673326
25.053481955982132
25.045803009730818
25.032378192946407
25.02375275451426
25.016785248992537
25.014848206942887
25.00389250902429
24.96684727623362
24.953914514240914
24.9380968192656
24.90751428982846
24.893505778636083
24.886678624594364
24.877024188723695
24.790463175425902
24.786845841487374
24.777351797077806
24.774694157476688
24.724872472779328
24.71593730526092
24.697071463917034
24.690682098260922
24.679458512713246
24.67726799370557
24.670488703907616
24.663492255573498
24.63678182084635
24.635183951318947
24.616215243142104
24.547501891071626
24.545983595618093
24.534483404533177
24.53302696776025
24.52889669696672
24.50181101515649
24.49676436445937
24.493849195003712
24.491714835286707
24.469008861389824
24.418514221532085
24.341083758626727
24.33381666569799
24.328785150699012
24.29015641024272
24.278195914278733
24.25102909526608
24.244479268124064
24.231227301483894
24.211563883804672
24.207703382867003
24.204238665954822
24.185669214192878
24.177530846212964
24.16517406897466
24.13219438172812
24.078527265879174
24.075945527525775
24.069465783836947
24.044246700075984
24.02351736596391
24.013011528798952
24.01158851994334
24.00184102689716
23.97672302038129
23.973462568883022
23.971740696959518
23.96679365853716
23.95765336497378
23.954498548902617
23.951703496446225
23.949794641603674
23.901184020841978
23.89462938352892
23.88143885572715
23.881251089317246
23.85686186044681
23.79563053243812
23.77929124479194
23.758574057363326
23.74623164023212
23.715756292944427
23.706183002814978
23.692113151477024
23.674082580608303
23.662037498969703
23.632212459269397
23.60717152655302
23.516542442436673
23.47211405331487
23.46062661929033
23.403328590445167
23.292879106769348
23.27777162531438
23.27129749719867
23.202039617697892
23.057110599888013
22.975280142557093
22.973638570231437
22.32557851281403
22.270818202356224
21.99872436307359
21.926355234547124
