638 3
Pentax_OptioA40_0_30522.JPG 75.171356 -0.156100 7.103524
Pentax_OptioA40_0_30521.JPG 75.207069 -0.202991 7.202823
Pentax_OptioA40_0_30523.JPG 75.143929 -0.080082 6.824827
Pentax_OptioA40_0_30524.JPG 75.067612 -0.028563 6.614327
Pentax_OptioA40_0_30525.JPG 75.241722 -0.086705 7.256646
Pentax_OptioA40_0_30526.JPG 75.133476 -0.111803 7.091830
Pentax_OptioA40_0_30527.JPG 75.065102 -0.008451 6.841596
Pentax_OptioA40_0_30528.JPG 74.984474 0.045173 6.538305
Pentax_OptioA40_0_30529.JPG 75.237915 -0.225538 7.266051
Pentax_OptioA40_0_30530.JPG 75.192741 -0.212264 7.112656
Pentax_OptioA40_0_30531.JPG 74.997902 -0.082217 6.710950
Pentax_OptioA40_0_30532.JPG 75.080070 -0.066845 6.482661
Pentax_OptioA40_0_30533.JPG 75.203354 -0.204644 7.359096
Pentax_OptioA40_0_30534.JPG 75.229408 -0.277980 7.075815
Pentax_OptioA40_0_30535.JPG 75.063164 0.089801 6.721743
Pentax_OptioA40_0_30536.JPG 74.866501 -0.007120 6.320751
Pentax_OptioA40_0_30537.JPG 75.411911 -0.025472 7.247878
Pentax_OptioA40_0_30538.JPG 75.355621 -0.115700 7.182413
Pentax_OptioA40_0_30539.JPG 75.337982 0.315945 6.613999
Pentax_OptioA40_0_30540.JPG 74.912399 0.367983 6.089259
Pentax_OptioA40_0_30541.JPG 75.584610 -0.508471 7.292181
Pentax_OptioA40_0_30542.JPG 75.254036 -0.888126 6.638849
Pentax_OptioA40_0_30543.JPG 74.530357 0.477849 6.444438
Pentax_OptioA40_0_30544.JPG 74.516373 -0.270110 6.007219
Pentax_OptioA40_0_30545.JPG 74.952141 -0.456777 7.620539
Pentax_OptioA40_0_30546.JPG 74.646255 -0.946511 7.127664
Pentax_OptioA40_0_30547.JPG 74.347031 -0.694580 6.433605
Pentax_OptioA40_0_30548.JPG 75.470093 -0.370751 5.669713
Pentax_OptioA40_0_30549.JPG 74.804642 0.277144 7.995424
Pentax_OptioA40_0_30550.JPG 75.163193 -0.009453 5.407487
Pentax_OptioA40_0_30551.JPG 74.288940 -0.922115 7.906645
Pentax_OptioA40_0_30552.JPG 76.340820 -0.467917 6.956838
Pentax_OptioA40_0_30553.JPG 76.018578 0.769198 6.268703
Pentax_OptioA40_0_30554.JPG 76.092911 0.328840 5.527303
Pentax_OptioA40_0_30555.JPG 75.545883 1.255994 7.326445
Pentax_OptioA40_0_30556.JPG 76.402618 0.831484 7.005640
Pentax_OptioA40_0_30557.JPG 73.677460 1.710086 6.693064
Pentax_OptioA40_0_30558.JPG 74.602219 -1.803485 5.870959
Pentax_OptioA40_0_30559.JPG 74.493507 1.054560 7.231905
Pentax_OptioA40_0_30560.JPG 74.866371 1.345759 6.800892
Pentax_OptioA40_0_30561.JPG 74.961761 1.583865 6.432922
Pentax_OptioA40_0_30562.JPG 74.413879 1.733746 6.109347
Pentax_OptioA40_0_30624.JPG 75.866707 0.601086 7.932251
Pentax_OptioA40_0_30625.JPG 76.223557 -0.078532 8.171235
Pentax_OptioA40_0_30626.JPG 76.024551 -1.362388 7.197943
Pentax_OptioA40_0_30627.JPG 75.886993 -1.055370 5.783012
Pentax_OptioA40_0_30628.JPG 75.276711 1.231823 5.456685
Pentax_OptioA40_0_30629.JPG 74.286224 0.507422 5.285547
Pentax_OptioA40_0_30630.JPG 76.673729 -0.427581 5.505217
Pentax_OptioA40_0_30631.JPG 73.758095 -0.031720 7.560430
Pentax_OptioA40_0_30632.JPG 75.513039 -1.057160 8.494760
Pentax_OptioA40_0_30633.JPG 74.924385 -0.639818 9.051850
Pentax_OptioA40_0_30634.JPG 73.389664 0.773538 4.879978
Pentax_OptioA40_0_30635.JPG 73.928062 1.950393 6.159260
Pentax_OptioA40_0_30636.JPG 73.588066 2.169737 5.927327
Pentax_OptioA40_0_30637.JPG 73.921967 1.527300 5.269824
Pentax_OptioA40_0_30638.JPG 74.580742 0.870829 9.028033
Pentax_OptioA40_0_30639.JPG 74.485130 1.641592 7.899688
Pentax_OptioA40_0_30640.JPG 73.281311 0.709663 6.229942
Pentax_OptioA40_0_30641.JPG 74.926239 1.950696 4.720514
Pentax_OptioA40_0_30642.JPG 76.856621 -1.350506 8.134708
Pentax_OptioA40_0_30643.JPG 77.689491 -0.288144 6.767787
Pentax_OptioA40_0_30644.JPG 78.011902 -0.489759 6.548865
Pentax_OptioA40_0_30645.JPG 76.737434 1.639516 5.675242
Pentax_OptioA40_0_30646.JPG 76.676956 1.741363 3.553575
Pentax_OptioA40_0_30647.JPG 77.292709 1.088605 5.446693
Pentax_OptioA40_0_30648.JPG 78.694672 0.451109 6.838123
Pentax_OptioA40_0_30649.JPG 77.529556 0.113645 8.367403
Pentax_OptioA40_0_30650.JPG 70.068436 2.664132 5.815929
Pentax_OptioA40_0_30651.JPG 71.707703 2.877127 6.227364
Pentax_OptioA40_0_30652.JPG 71.357140 2.638502 8.024854
Pentax_OptioA40_0_30653.JPG 70.917450 0.615430 9.534842
Pentax_OptioA40_0_30654.JPG 70.855087 0.631648 9.544230
Pentax_OptioA40_0_30655.JPG 71.285057 2.645527 8.072321
Pentax_OptioA40_0_30656.JPG 72.453697 2.731140 6.789783
Pentax_OptioA40_0_30657.JPG 71.299522 2.461976 6.090973
Pentax_OptioA40_0_30663.JPG 76.149857 1.529367 8.490407
Pentax_OptioA40_0_30664.JPG 75.714966 2.367569 7.373256
Pentax_OptioA40_0_30665.JPG 71.719360 1.151324 6.753837
Pentax_OptioA40_0_30666.JPG 72.050194 2.365877 5.388880
Pentax_OptioA40_0_30667.JPG 72.139160 2.420654 5.348075
Pentax_OptioA40_0_30675.JPG 68.941833 -0.258777 7.533197
Pentax_OptioA40_0_30676.JPG 69.511497 1.296023 6.472975
Pentax_OptioA40_0_30677.JPG 70.351585 2.803926 6.971200
Pentax_OptioA40_0_30678.JPG 68.602982 2.261612 7.972881
Pentax_OptioA40_0_30679.JPG 68.886703 -0.248163 7.528601
Pentax_OptioA40_0_30680.JPG 69.488541 1.298954 6.461541
Pentax_OptioA40_0_30681.JPG 70.463272 -0.554006 7.053536
Pentax_OptioA40_0_30682.JPG 70.619095 1.883218 7.181353
Pentax_OptioA40_0_30683.JPG 70.073738 0.639078 6.294367
Pentax_OptioA40_0_30684.JPG 70.743172 1.650299 5.372570
Pentax_OptioA40_0_30685.JPG 70.272278 1.420418 8.054904
Pentax_OptioA40_0_30686.JPG 69.451508 2.210177 7.284101
Pentax_OptioA40_0_30687.JPG 71.872955 5.103824 6.616121
Pentax_OptioA40_0_30688.JPG 68.420700 2.056279 6.386642
Pentax_OptioA40_0_30689.JPG 70.545998 -1.626898 7.301184
Pentax_OptioA40_0_30690.JPG 70.723503 0.598945 7.888508
Pentax_OptioA40_0_30691.JPG 71.935081 3.666790 5.912796
Pentax_OptioA40_0_30692.JPG 71.519783 1.314800 4.551530
Pentax_OptioA40_0_30693.JPG 69.010834 3.160009 6.949070
Pentax_OptioA40_0_30694.JPG 71.690094 3.934040 5.874973
Pentax_OptioA40_0_30695.JPG 69.784294 0.771163 8.475472
Pentax_OptioA40_0_30696.JPG 69.951431 -1.048372 8.157611
Pentax_OptioA40_0_30697.JPG 69.876572 -1.121314 8.197989
Pentax_OptioA40_0_30698.JPG 76.127457 0.794586 4.454731
Pentax_OptioA40_0_30699.JPG 75.509560 2.522966 5.809770
Pentax_OptioA40_0_30700.JPG 77.445503 1.695092 7.409572
Pentax_OptioA40_0_30701.JPG 77.910950 2.140712 7.037546
Pentax_OptioA40_0_30702.JPG 79.405052 1.513621 9.759308
Pentax_OptioA40_0_30703.JPG 79.519943 1.599922 9.856379
Pentax_OptioA40_0_30704.JPG 74.511101 -2.334259 7.862649
Pentax_OptioA40_0_30705.JPG 75.600883 -2.501612 6.326050
Pentax_OptioA40_0_30706.JPG 76.206253 -1.789181 4.690899
Pentax_OptioA40_0_30707.JPG 74.904831 0.772633 3.821516
Pentax_OptioA40_0_30712.JPG 74.416801 -1.002294 4.603487
Pentax_OptioA40_0_30713.JPG 73.112122 -1.231721 6.045482
Pentax_OptioA40_0_30714.JPG 72.856110 1.289335 7.997218
Pentax_OptioA40_0_30715.JPG 76.416405 0.524326 9.841197
Pentax_OptioA40_0_30716.JPG 75.271820 2.835373 9.425409
Pentax_OptioA40_0_30717.JPG 74.228699 3.406774 7.674207
Pentax_OptioA40_0_30718.JPG 77.070831 2.973483 9.155651
Pentax_OptioA40_0_30719.JPG 76.436035 3.848690 7.386750
Pentax_OptioA40_0_30720.JPG 77.058548 3.153288 5.169326
Pentax_OptioA40_0_30721.JPG 75.793686 2.863025 3.807083
Pentax_OptioA40_0_30722.JPG 73.198250 -0.314343 9.765082
Pentax_OptioA40_0_30723.JPG 72.198601 -1.086462 8.093625
Pentax_OptioA40_0_30724.JPG 71.698097 -0.007476 5.589125
Pentax_OptioA40_0_30725.JPG 73.406105 2.279993 3.942416
Pentax_OptioA40_0_30726.JPG 73.061035 0.062443 3.598756
Pentax_OptioA40_0_30727.JPG 76.377907 -3.198600 8.813788
Pentax_OptioA40_0_30728.JPG 75.239891 -4.284500 7.302979
Pentax_OptioA40_0_30729.JPG 78.105827 -1.582609 4.629816
Pentax_OptioA40_0_30730.JPG 76.680939 -0.419938 3.182045
Pentax_OptioA40_0_30731.JPG 74.772423 -3.504942 4.776422
Pentax_OptioA40_0_30732.JPG 77.283325 -3.523993 5.976281
Pentax_OptioA40_0_30733.JPG 77.790337 -1.437397 10.060393
Pentax_OptioA40_0_30734.JPG 73.397408 -2.856155 9.523240
Pentax_OptioA40_0_30735.JPG 72.686943 -3.339658 7.067811
Pentax_OptioA40_0_30736.JPG 72.443329 -2.478170 4.379689
Pentax_OptioA40_0_30737.JPG 74.725998 -1.643802 2.595931
Pentax_OptioA40_0_30738.JPG 75.414703 -2.019689 10.787088
Pentax_OptioA40_0_30739.JPG 78.709366 -2.379492 7.734525
Pentax_OptioA40_0_30740.JPG 78.643105 1.019251 4.051218
Pentax_OptioA40_0_30741.JPG 75.419930 1.296870 1.966047
Pentax_OptioA40_0_30742.JPG 70.837997 0.545169 3.009202
Pentax_OptioA40_0_30743.JPG 74.413162 4.237672 5.268772
Pentax_OptioA40_0_30744.JPG 73.144691 2.458668 10.126362
Pentax_OptioA40_0_30745.JPG 75.007706 0.713691 11.571689
Pentax_OptioA40_0_30753.JPG 71.755905 4.989068 9.387002
Pentax_OptioA40_0_30754.JPG 69.047722 1.527818 8.865496
Pentax_OptioA40_0_30755.JPG 69.736794 3.579165 5.961434
Pentax_OptioA40_0_30756.JPG 69.704521 2.866768 2.821666
Pentax_OptioA40_0_30757.JPG 72.463455 2.309409 1.718141
Pentax_OptioA40_0_30758.JPG 71.048119 4.825536 7.309941
Pentax_OptioA40_0_30759.JPG 72.491295 5.494028 7.460931
Pentax_OptioA40_0_30760.JPG 70.653488 1.571308 11.456675
Pentax_OptioA40_0_30761.JPG 70.303154 4.165251 7.473111
Pentax_OptioA40_0_30762.JPG 70.213188 3.230363 9.515855
Pentax_OptioA40_0_30763.JPG 69.422676 -0.727085 10.011423
Pentax_OptioA40_0_30764.JPG 68.532898 2.080260 4.264440
Pentax_OptioA40_0_30765.JPG 69.590599 1.301666 4.090411
Pentax_OptioA40_0_30766.JPG 68.448845 3.755840 7.612889
Pentax_OptioA40_0_30767.JPG 71.006966 3.321483 4.215119
Pentax_OptioA40_0_30770.JPG 72.444855 -0.707127 12.348373
Pentax_OptioA40_0_30771.JPG 75.670616 5.452655 9.237024
Pentax_OptioA40_0_30772.JPG 69.176796 5.846578 5.790103
Pentax_OptioA40_0_30773.JPG 69.178566 5.848328 5.783863
Pentax_OptioA40_0_30774.JPG 66.344177 5.074505 3.493689
Pentax_OptioA40_0_30775.JPG 66.339211 5.076963 3.491160
Pentax_OptioA40_1_31061.JPG 64.552513 42.870708 -2.667745
Pentax_OptioA40_1_31062.JPG 64.511040 42.824699 -2.719004
Pentax_OptioA40_1_31063.JPG 64.380157 42.571404 -2.892982
Pentax_OptioA40_1_31064.JPG 64.293343 42.408508 -3.053653
Pentax_OptioA40_1_31065.JPG 64.572746 42.838501 -2.533417
Pentax_OptioA40_1_31066.JPG 64.540482 42.766350 -2.634678
Pentax_OptioA40_1_31067.JPG 64.353531 42.509109 -2.915736
Pentax_OptioA40_1_31068.JPG 64.300430 42.346439 -3.012995
Pentax_OptioA40_1_31069.JPG 64.600830 42.906204 -2.655479
Pentax_OptioA40_1_31070.JPG 64.531853 42.814396 -2.722964
Pentax_OptioA40_1_31071.JPG 64.381638 42.578007 -2.982041
Pentax_OptioA40_1_31072.JPG 64.251060 42.425045 -3.179376
Pentax_OptioA40_1_31073.JPG 64.613541 42.991833 -2.516499
Pentax_OptioA40_1_31074.JPG 64.656250 42.904106 -2.654632
Pentax_OptioA40_1_31075.JPG 64.408264 42.584789 -2.980450
Pentax_OptioA40_1_31076.JPG 64.289551 42.323833 -3.247477
Pentax_OptioA40_1_31077.JPG 64.678413 43.011005 -2.509318
Pentax_OptioA40_1_31078.JPG 64.543289 42.893131 -2.473711
Pentax_OptioA40_1_31079.JPG 64.273598 42.576321 -2.910168
Pentax_OptioA40_1_31080.JPG 64.203911 42.368610 -3.231225
Pentax_OptioA40_1_31081.JPG 64.833916 43.188709 -2.489056
Pentax_OptioA40_1_31082.JPG 64.604622 42.926178 -2.569794
Pentax_OptioA40_1_31083.JPG 64.017334 42.696651 -3.219666
Pentax_OptioA40_1_31084.JPG 64.053398 42.197426 -3.505455
Pentax_OptioA40_1_31085.JPG 64.926003 43.255024 -2.763275
Pentax_OptioA40_1_31086.JPG 64.318504 43.140453 -2.311190
Pentax_OptioA40_1_31087.JPG 64.596436 42.288647 -3.059834
Pentax_OptioA40_1_31088.JPG 63.996082 42.063370 -3.515321
Pentax_OptioA40_1_31089.JPG 65.024170 43.534012 -2.600131
Pentax_OptioA40_1_31090.JPG 65.205971 42.246159 -2.342084
Pentax_OptioA40_1_31091.JPG 63.501411 42.230530 -2.572085
Pentax_OptioA40_1_31092.JPG 63.656189 42.302032 -3.806804
Pentax_OptioA40_1_31093.JPG 64.411140 42.483894 -1.443094
Pentax_OptioA40_1_31094.JPG 64.375877 41.902264 -1.752628
Pentax_OptioA40_1_31095.JPG 64.627380 41.160194 -2.070559
Pentax_OptioA40_1_31096.JPG 63.515453 40.451103 -2.302593
Pentax_OptioA40_1_31097.JPG 64.816986 42.329472 -1.445108
Pentax_OptioA40_1_31098.JPG 64.533463 41.815525 -1.628703
Pentax_OptioA40_1_31099.JPG 63.186520 42.458382 -2.402938
Pentax_OptioA40_1_31100.JPG 62.260155 41.111866 -2.658094
Pentax_OptioA40_1_31163.JPG 64.476227 43.570190 -2.070158
Pentax_OptioA40_1_31164.JPG 64.073563 43.845802 -2.824295
Pentax_OptioA40_1_31165.JPG 64.964638 41.656639 -2.974686
Pentax_OptioA40_1_31166.JPG 63.694958 41.615761 -3.311219
Pentax_OptioA40_1_31167.JPG 63.911465 42.906517 -4.098946
Pentax_OptioA40_1_31169.JPG 63.307331 42.960751 -3.060704
Pentax_OptioA40_1_31170.JPG 64.447044 43.802177 -3.333109
Pentax_OptioA40_1_31171.JPG 65.522438 43.286797 -2.115885
Pentax_OptioA40_1_31172.JPG 66.342964 42.691017 0.493464
Pentax_OptioA40_1_31173.JPG 66.423401 42.678635 0.594278
Pentax_OptioA40_1_31174.JPG 65.387558 42.722130 -1.681238
Pentax_OptioA40_1_31175.JPG 64.123131 41.648048 -2.142424
Pentax_OptioA40_1_31176.JPG 62.845383 41.715839 -3.094590
Pentax_OptioA40_1_31177.JPG 64.029732 44.173748 -1.786687
Pentax_OptioA40_1_31178.JPG 63.396908 43.448090 -2.036783
Pentax_OptioA40_1_31179.JPG 64.220520 42.368961 -1.298175
Pentax_OptioA40_1_31180.JPG 63.257553 41.347431 -1.877173
Pentax_OptioA40_1_31181.JPG 63.357635 41.414616 -1.871577
Pentax_OptioA40_1_31182.JPG 64.109215 42.742424 -4.465669
Pentax_OptioA40_1_31183.JPG 62.495415 41.412750 -3.072907
Pentax_OptioA40_1_31184.JPG 62.069778 38.109859 -0.829696
Pentax_OptioA40_1_31185.JPG 61.746910 38.713936 -1.409318
Pentax_OptioA40_1_31186.JPG 64.144104 39.726418 -0.130667
Pentax_OptioA40_1_31187.JPG 61.617393 39.240650 1.767835
Pentax_OptioA40_1_31188.JPG 61.608772 39.230484 1.781537
Pentax_OptioA40_1_31189.JPG 64.370735 39.802895 -0.876003
Pentax_OptioA40_1_31190.JPG 64.473145 40.236401 -0.956843
Pentax_OptioA40_1_31191.JPG 62.916290 40.136974 -3.626945
Pentax_OptioA40_1_31198.JPG 63.866402 42.809616 -1.364508
Pentax_OptioA40_1_31199.JPG 65.941238 46.773247 2.020557
Pentax_OptioA40_1_31200.JPG 65.153030 40.719357 -2.044778
Pentax_OptioA40_1_31201.JPG 62.362659 40.081451 -2.888209
Pentax_OptioA40_1_31202.JPG 62.273697 40.020794 -2.873684
Pentax_OptioA40_1_31203.JPG 65.221779 40.464256 -1.797231
Pentax_OptioA40_1_31204.JPG 65.959663 46.804527 2.056713
Pentax_OptioA40_1_31205.JPG 65.928307 42.554550 -1.366422
Pentax_OptioA40_1_31206.JPG 63.553970 37.079308 -0.002373
Pentax_OptioA40_1_31207.JPG 63.067692 38.816742 -0.120602
Pentax_OptioA40_1_31208.JPG 61.369152 38.689804 -2.589113
Pentax_OptioA40_1_31209.JPG 62.864807 39.593998 -3.756177
Pentax_OptioA40_1_31210.JPG 61.336994 38.214848 -2.618666
Pentax_OptioA40_1_31211.JPG 61.250809 38.558590 -2.578049
Pentax_OptioA40_1_31212.JPG 62.959320 38.645660 -0.005984
Pentax_OptioA40_1_31213.JPG 63.536346 37.012672 0.041866
Pentax_OptioA40_1_31214.JPG 64.922493 39.217995 -0.046261
Pentax_OptioA40_1_31215.JPG 62.675167 38.928635 -1.031245
Pentax_OptioA40_1_31216.JPG 62.792103 35.565914 -0.502642
Pentax_OptioA40_1_31217.JPG 62.446075 40.250862 -3.828736
Pentax_OptioA40_1_31218.JPG 62.828575 39.081509 -2.559744
Pentax_OptioA40_1_31219.JPG 64.037415 38.838715 -1.241951
Pentax_OptioA40_1_31220.JPG 65.207748 40.525734 5.783647
Pentax_OptioA40_1_31221.JPG 65.212181 40.522057 5.797802
Pentax_OptioA40_1_31222.JPG 63.768414 40.833496 -2.926085
Pentax_OptioA40_1_31223.JPG 64.875389 40.998814 -2.563047
Pentax_OptioA40_1_31224.JPG 62.531761 42.911781 1.510312
Pentax_OptioA40_1_31225.JPG 62.487270 42.919243 1.577376
Pentax_OptioA40_1_31226.JPG 64.596024 42.559357 -0.205424
Pentax_OptioA40_1_31227.JPG 64.317307 42.328430 -0.048505
Pentax_OptioA40_1_31228.JPG 65.485413 41.797981 -0.954078
Pentax_OptioA40_1_31229.JPG 63.163296 42.782734 -0.938470
Pentax_OptioA40_1_31230.JPG 62.552692 42.172131 -2.333010
Pentax_OptioA40_1_31231.JPG 63.238094 41.211548 -4.003033
Pentax_OptioA40_1_31232.JPG 64.773521 41.612522 -4.252782
Pentax_OptioA40_1_31233.JPG 65.425629 42.874847 -4.044258
Pentax_OptioA40_1_31234.JPG 66.171616 42.043198 -2.562722
Pentax_OptioA40_1_31235.JPG 65.007050 43.842274 -0.917350
Pentax_OptioA40_1_31236.JPG 64.449287 44.050949 -0.376128
Pentax_OptioA40_1_31237.JPG 65.156494 41.013260 -0.468148
Pentax_OptioA40_1_31238.JPG 63.362759 41.592854 -0.330241
Pentax_OptioA40_1_31239.JPG 63.265419 40.413704 -1.341921
Pentax_OptioA40_1_31240.JPG 63.922413 39.857227 -2.579734
Pentax_OptioA40_1_31241.JPG 66.840065 43.159626 -2.889101
Pentax_OptioA40_1_31242.JPG 65.916977 44.270790 -3.138730
Pentax_OptioA40_1_31243.JPG 66.604713 41.740974 -4.114171
Pentax_OptioA40_1_31244.JPG 65.855614 40.492584 -3.799716
Pentax_OptioA40_1_31245.JPG 64.290100 40.258289 -4.122489
Pentax_OptioA40_1_31246.JPG 62.821964 43.846870 -3.918286
Pentax_OptioA40_1_31247.JPG 62.582420 44.360161 -2.090921
Pentax_OptioA40_1_31248.JPG 66.616570 43.787666 -1.201808
Pentax_OptioA40_1_31249.JPG 61.979374 43.785362 -1.177179
Pentax_OptioA40_1_31250.JPG 61.568298 42.951630 -3.139697
Pentax_OptioA40_1_31251.JPG 62.245285 42.030544 -4.573843
Pentax_OptioA40_1_31252.JPG 64.404549 45.328266 -2.550050
Pentax_OptioA40_1_31253.JPG 66.222244 44.592403 -4.585727
Pentax_OptioA40_1_31254.JPG 64.146034 44.082821 -5.298737
Pentax_OptioA40_1_31255.JPG 63.732616 42.278885 -5.642967
Pentax_OptioA40_1_31256.JPG 64.769569 41.203640 -5.920052
Pentax_OptioA40_1_31257.JPG 65.943405 42.892841 -5.636412
Pentax_OptioA40_1_31258.JPG 65.032860 45.521656 -4.544653
Pentax_OptioA40_1_31259.JPG 65.886887 46.048973 -2.891691
Pentax_OptioA40_1_31260.JPG 65.553764 45.540707 -1.057581
Pentax_OptioA40_1_31261.JPG 62.933483 45.694054 -3.526864
Pentax_OptioA40_1_31262.JPG 62.141357 43.800331 -5.533424
Pentax_OptioA40_1_31263.JPG 62.683308 40.395050 -5.428462
Pentax_OptioA40_1_31264.JPG 65.550537 39.014385 -4.868190
Pentax_OptioA40_1_31265.JPG 65.854477 39.272041 -2.187621
Pentax_OptioA40_1_31266.JPG 67.511940 41.539204 -1.486538
Pentax_OptioA40_1_31267.JPG 67.576401 44.749908 -2.206482
Pentax_OptioA40_1_31268.JPG 63.075932 45.693821 -0.932758
Pentax_OptioA40_1_31269.JPG 61.371414 41.127853 -1.506695
Pentax_OptioA40_1_31270.JPG 63.952274 38.408775 -3.834739
Pentax_OptioA40_1_31272.JPG 64.917496 40.689720 1.043369
Pentax_OptioA40_1_31273.JPG 68.471649 42.420948 -3.564998
Pentax_OptioA40_1_31274.JPG 67.428703 39.969852 -3.941911
Pentax_OptioA40_1_31275.JPG 60.971413 40.727051 -3.780545
Pentax_OptioA40_1_31281.JPG 64.174721 38.117134 0.352427
Pentax_OptioA40_1_31282.JPG 64.999153 38.946205 1.179970
Pentax_OptioA40_1_31283.JPG 61.040634 38.016518 -1.321193
Pentax_OptioA40_1_31284.JPG 64.582291 37.275867 -1.886948
Pentax_OptioA40_1_31285.JPG 61.543186 36.348087 -1.202162
Pentax_OptioA40_1_31286.JPG 61.398438 34.549786 -2.058175
Pentax_OptioA40_1_31287.JPG 62.111122 38.544708 -4.278488
Pentax_OptioA40_1_31293.JPG 67.107094 40.236610 0.354566
Pentax_OptioA40_1_31294.JPG 65.977211 38.178104 0.128476
Pentax_OptioA40_1_31295.JPG 63.571819 35.544769 -3.082432
Pentax_OptioA40_1_31296.JPG 63.572464 35.544659 -3.084663
Pentax_OptioA40_1_31297.JPG 61.794819 37.072849 -3.987062
Pentax_OptioA40_1_31298.JPG 63.095436 37.663609 -2.196019
Pentax_OptioA40_2_31553.JPG 45.408573 16.361832 -11.319520
Pentax_OptioA40_2_31554.JPG 45.493736 16.446884 -11.340787
Pentax_OptioA40_2_31555.JPG 45.685284 16.626579 -11.542470
Pentax_OptioA40_2_31556.JPG 45.844116 16.786093 -11.616071
Pentax_OptioA40_2_31557.JPG 45.525738 16.273739 -11.153518
Pentax_OptioA40_2_31558.JPG 45.570362 16.420107 -11.272856
Pentax_OptioA40_2_31559.JPG 45.796505 16.734282 -11.545331
Pentax_OptioA40_2_31560.JPG 45.808517 16.803122 -11.535197
Pentax_OptioA40_2_31561.JPG 45.391445 16.343452 -11.309646
Pentax_OptioA40_2_31562.JPG 45.443825 16.462391 -11.374486
Pentax_OptioA40_2_31563.JPG 45.585236 16.664146 -11.552177
Pentax_OptioA40_2_31564.JPG 45.735737 16.798328 -11.681543
Pentax_OptioA40_2_31565.JPG 45.351246 16.395933 -11.274711
Pentax_OptioA40_2_31566.JPG 45.312405 16.443916 -11.418431
Pentax_OptioA40_2_31567.JPG 45.686054 16.742079 -11.590718
Pentax_OptioA40_2_31568.JPG 45.817421 16.934307 -11.727331
Pentax_OptioA40_2_31569.JPG 45.894516 16.886892 -11.711223
Pentax_OptioA40_2_31570.JPG 45.710316 16.745907 -11.622865
Pentax_OptioA40_2_31571.JPG 45.401394 16.438032 -11.243012
Pentax_OptioA40_2_31572.JPG 45.120827 16.096457 -11.285617
Pentax_OptioA40_2_31573.JPG 44.920650 15.977933 -11.652162
Pentax_OptioA40_2_31574.JPG 45.027687 16.362068 -11.587939
Pentax_OptioA40_2_31575.JPG 45.301991 17.029160 -11.944017
Pentax_OptioA40_2_31576.JPG 45.579803 17.206423 -11.994452
Pentax_OptioA40_2_31577.JPG 45.064819 16.153940 -11.019211
Pentax_OptioA40_2_31578.JPG 45.241215 16.252853 -11.225962
Pentax_OptioA40_2_31579.JPG 46.115459 16.473167 -11.903106
Pentax_OptioA40_2_31580.JPG 46.081768 17.033146 -12.005710
Pentax_OptioA40_2_31581.JPG 44.581989 15.738018 -11.351567
Pentax_OptioA40_2_31582.JPG 44.838718 16.299553 -11.991682
Pentax_OptioA40_2_31583.JPG 44.850132 17.272326 -12.025363
Pentax_OptioA40_2_31584.JPG 45.302559 17.598902 -11.598477
Pentax_OptioA40_2_31585.JPG 46.065712 16.020489 -10.228252
Pentax_OptioA40_2_31586.JPG 46.560940 16.163649 -10.537833
Pentax_OptioA40_2_31587.JPG 46.955956 17.246157 -9.110092
Pentax_OptioA40_2_31588.JPG 47.618500 18.599100 -10.079052
Pentax_OptioA40_2_31589.JPG 48.116581 18.216707 -10.433069
Pentax_OptioA40_2_31590.JPG 45.576252 15.919546 -10.292123
Pentax_OptioA40_2_31591.JPG 44.899548 16.610889 -9.974437
Pentax_OptioA40_2_31592.JPG 46.967438 16.007490 -11.387413
Pentax_OptioA40_2_31593.JPG 46.105579 17.598364 -10.446165
Pentax_OptioA40_2_31654.JPG 45.660076 15.912105 -10.685605
Pentax_OptioA40_2_31655.JPG 45.739410 16.819256 -10.528813
Pentax_OptioA40_2_31656.JPG 46.499039 16.748959 -11.124899
Pentax_OptioA40_2_31657.JPG 46.287376 17.373486 -11.742189
Pentax_OptioA40_2_31658.JPG 45.500744 17.491802 -12.457466
Pentax_OptioA40_2_31659.JPG 45.598518 16.431232 -12.664927
Pentax_OptioA40_2_31660.JPG 44.608120 16.861204 -11.108878
Pentax_OptioA40_2_31661.JPG 45.641666 15.292650 -11.749922
Pentax_OptioA40_2_31662.JPG 45.288811 17.904427 -11.088150
Pentax_OptioA40_2_31663.JPG 46.933823 16.309851 -11.530947
Pentax_OptioA40_2_31664.JPG 46.118515 15.515025 -11.545663
Pentax_OptioA40_2_31665.JPG 45.319511 15.022565 -11.615416
Pentax_OptioA40_2_31666.JPG 45.042191 15.002969 -12.071950
Pentax_OptioA40_2_31667.JPG 44.232521 16.168579 -12.225345
Pentax_OptioA40_2_31668.JPG 43.888920 15.885514 -11.850877
Pentax_OptioA40_2_31669.JPG 44.531513 17.471216 -10.456975
Pentax_OptioA40_2_31670.JPG 44.484673 17.577656 -12.474898
Pentax_OptioA40_2_31671.JPG 46.399155 16.639400 -14.006603
Pentax_OptioA40_2_31672.JPG 48.460636 17.854090 -10.957430
Pentax_OptioA40_2_31673.JPG 48.752728 18.238905 -8.138597
Pentax_OptioA40_2_31674.JPG 47.941185 18.162548 -6.834021
Pentax_OptioA40_2_31675.JPG 48.676228 17.366615 -8.531229
Pentax_OptioA40_2_31676.JPG 46.489532 13.641532 -7.617565
Pentax_OptioA40_2_31677.JPG 46.507256 13.592411 -7.560447
Pentax_OptioA40_2_31678.JPG 47.265381 17.801426 -8.580931
Pentax_OptioA40_2_31679.JPG 47.058174 18.580694 -8.915653
Pentax_OptioA40_2_31680.JPG 49.229195 17.526861 -9.886153
Pentax_OptioA40_2_31685.JPG 45.269840 15.473931 -10.312410
Pentax_OptioA40_2_31686.JPG 45.842300 17.045670 -10.109592
Pentax_OptioA40_2_31687.JPG 47.784992 16.567009 -10.905026
Pentax_OptioA40_2_31688.JPG 48.113472 17.647028 -10.580718
Pentax_OptioA40_2_31689.JPG 48.226685 17.466579 -10.448640
Pentax_OptioA40_2_31690.JPG 47.556686 17.512297 -9.809727
Pentax_OptioA40_2_31691.JPG 46.241760 16.622915 -9.440196
Pentax_OptioA40_2_31692.JPG 44.428322 15.095332 -10.840374
Pentax_OptioA40_2_31693.JPG 48.179043 14.429450 -8.623561
Pentax_OptioA40_2_31694.JPG 46.670395 19.269285 -7.742792
Pentax_OptioA40_2_31695.JPG 48.430782 19.322334 -7.373487
Pentax_OptioA40_2_31696.JPG 51.204201 17.801352 -7.592285
Pentax_OptioA40_2_31697.JPG 48.833843 15.193805 -9.192986
Pentax_OptioA40_2_31698.JPG 46.206226 18.434841 -8.128242
Pentax_OptioA40_2_31699.JPG 47.952393 18.984896 -8.682146
Pentax_OptioA40_2_31700.JPG 47.671635 19.616364 -10.536065
Pentax_OptioA40_2_31701.JPG 47.902786 19.226196 -10.763919
Pentax_OptioA40_2_31702.JPG 47.918774 18.167227 -9.514333
Pentax_OptioA40_2_31703.JPG 45.397556 18.102615 -7.537359
Pentax_OptioA40_2_31704.JPG 47.179844 18.716455 -6.066227
Pentax_OptioA40_2_31705.JPG 47.190266 18.730995 -6.019366
Pentax_OptioA40_2_31706.JPG 45.363609 18.126463 -7.399795
Pentax_OptioA40_2_31707.JPG 48.728039 18.742573 -5.480508
Pentax_OptioA40_2_31708.JPG 50.997437 19.111858 -3.901568
Pentax_OptioA40_2_31709.JPG 46.863194 17.908604 -11.238081
Pentax_OptioA40_2_31710.JPG 47.380547 17.974632 -11.720609
Pentax_OptioA40_2_31711.JPG 47.211182 16.965353 -10.545083
Pentax_OptioA40_2_31712.JPG 47.158592 15.825972 -9.908273
Pentax_OptioA40_2_31713.JPG 47.762268 15.208848 -10.155974
Pentax_OptioA40_2_31714.JPG 46.869099 15.179694 -10.733191
Pentax_OptioA40_2_31715.JPG 45.880539 18.489952 -11.870449
Pentax_OptioA40_2_31716.JPG 46.366161 18.588764 -10.906026
Pentax_OptioA40_2_31717.JPG 46.561672 17.975954 -9.785843
Pentax_OptioA40_2_31718.JPG 47.573994 16.130215 -9.176641
Pentax_OptioA40_2_31719.JPG 46.234444 15.363442 -9.526519
Pentax_OptioA40_2_31720.JPG 45.429398 14.507195 -10.283495
Pentax_OptioA40_2_31721.JPG 46.153187 14.114684 -11.534638
Pentax_OptioA40_2_31722.JPG 44.799469 18.585638 -10.942869
Pentax_OptioA40_2_31723.JPG 47.619152 16.768555 -12.360703
Pentax_OptioA40_2_31724.JPG 46.641846 17.519279 -12.979081
Pentax_OptioA40_2_31725.JPG 46.699581 15.647789 -12.784416
Pentax_OptioA40_2_31726.JPG 44.917278 17.155880 -9.305591
Pentax_OptioA40_2_31727.JPG 44.559704 15.695885 -9.370639
Pentax_OptioA40_2_31728.JPG 45.615013 14.754109 -8.523043
Pentax_OptioA40_2_31729.JPG 46.227955 16.291210 -8.337648
Pentax_OptioA40_2_31730.JPG 48.428692 15.653107 -11.331477
Pentax_OptioA40_2_31731.JPG 48.760090 16.768883 -11.639498
Pentax_OptioA40_2_31732.JPG 43.288891 15.930280 -10.494393
Pentax_OptioA40_2_31733.JPG 43.310696 17.389465 -10.655725
Pentax_OptioA40_2_31734.JPG 45.451012 18.983385 -9.875110
Pentax_OptioA40_2_31735.JPG 48.316288 17.904165 -12.909137
Pentax_OptioA40_2_31736.JPG 45.239105 17.206982 -13.957899
Pentax_OptioA40_2_31737.JPG 45.791012 15.384088 -14.141253
Pentax_OptioA40_2_31738.JPG 47.580601 14.168878 -11.978025
Pentax_OptioA40_2_31739.JPG 46.812996 13.732785 -10.033065
Pentax_OptioA40_2_31740.JPG 47.796215 13.924595 -12.174778
Pentax_OptioA40_2_31741.JPG 43.575321 18.545082 -12.142471
Pentax_OptioA40_2_31742.JPG 47.022530 19.277767 -12.506421
Pentax_OptioA40_2_31743.JPG 43.339546 14.721331 -12.163178
Pentax_OptioA40_2_31744.JPG 43.988102 15.522417 -13.584010
Pentax_OptioA40_2_31745.JPG 47.511051 16.382992 -14.134220
Pentax_OptioA40_2_31746.JPG 45.065544 18.893494 -13.298786
Pentax_OptioA40_2_31747.JPG 43.310062 14.419840 -10.026514
Pentax_OptioA40_2_31748.JPG 42.415703 16.517384 -12.056939
Pentax_OptioA40_2_31749.JPG 43.434978 17.494549 -13.820055
Pentax_OptioA40_2_31750.JPG 46.523277 18.444345 -14.539740
Pentax_OptioA40_2_31751.JPG 46.520271 20.004793 -8.812740
Pentax_OptioA40_2_31752.JPG 44.864815 20.065763 -11.612867
Pentax_OptioA40_2_31753.JPG 45.339554 13.799927 -13.163446
Pentax_OptioA40_2_31754.JPG 44.557400 13.313236 -11.136399
Pentax_OptioA40_2_31756.JPG 42.661415 16.144810 -8.808897
Pentax_OptioA40_2_31757.JPG 43.417423 17.969831 -8.576432
Pentax_OptioA40_2_31758.JPG 43.438019 19.529692 -9.975389
Pentax_OptioA40_2_31759.JPG 46.713268 20.949003 -11.656084
Pentax_OptioA40_2_31762.JPG 49.386971 17.129974 -7.938095
Pentax_OptioA40_2_31763.JPG 48.644737 15.986631 -6.724526
Pentax_OptioA40_2_31764.JPG 48.257133 15.695557 -7.307579
Pentax_OptioA40_2_31765.JPG 50.511532 16.705870 -9.660613
Pentax_OptioA40_2_31766.JPG 50.364697 16.604086 -9.807056
Pentax_OptioA40_2_31767.JPG 49.309536 16.495533 -5.537957
Pentax_OptioA40_2_31768.JPG 47.482212 20.462214 -9.863883
Pentax_OptioA40_2_31769.JPG 49.088669 19.674114 -11.051264
Pentax_OptioA40_2_31774.JPG 44.005928 14.851197 -7.505407
Pentax_OptioA40_2_31775.JPG 45.649174 16.394306 -6.845408
Pentax_OptioA40_2_31776.JPG 50.128967 18.739101 -9.887757
Pentax_OptioA40_2_31777.JPG 49.645092 19.331268 -9.149167
Pentax_OptioA40_2_31778.JPG 49.656097 18.254911 -7.123098
Pentax_OptioA40_2_31779.JPG 48.150833 20.173851 -8.432478
Pentax_OptioA40_3_32266.JPG 50.984825 22.139437 14.746231
Pentax_OptioA40_3_32268.JPG 50.976749 22.118362 14.743531
Pentax_OptioA40_3_32269.JPG 50.734577 21.957247 14.551830
Pentax_OptioA40_3_32270.JPG 50.708427 21.917164 14.454432
Pentax_OptioA40_3_32271.JPG 51.115505 22.271141 14.642243
Pentax_OptioA40_3_32272.JPG 50.949635 22.160046 14.577195
Pentax_OptioA40_3_32273.JPG 50.744392 22.025475 14.390490
Pentax_OptioA40_3_32274.JPG 50.579411 21.918217 14.291883
Pentax_OptioA40_3_32275.JPG 51.040833 22.197254 14.842928
Pentax_OptioA40_3_32276.JPG 50.962070 22.091047 14.798685
Pentax_OptioA40_3_32277.JPG 50.753181 21.915218 14.674300
Pentax_OptioA40_3_32278.JPG 50.574291 21.890188 14.555469
Pentax_OptioA40_3_32279.JPG 51.127995 22.291981 14.816092
Pentax_OptioA40_3_32280.JPG 50.936745 22.124935 14.838053
Pentax_OptioA40_3_32281.JPG 50.717518 21.789127 14.669252
Pentax_OptioA40_3_32282.JPG 50.571007 21.792984 14.563471
Pentax_OptioA40_3_32283.JPG 51.124012 22.298054 15.018732
Pentax_OptioA40_3_32284.JPG 51.054508 22.209757 14.875749
Pentax_OptioA40_3_32285.JPG 50.667458 21.777508 14.486008
Pentax_OptioA40_3_32286.JPG 50.492699 21.796766 14.466487
Pentax_OptioA40_3_32287.JPG 51.225655 22.423689 14.781758
Pentax_OptioA40_3_32288.JPG 51.147411 22.106962 15.135861
Pentax_OptioA40_3_32289.JPG 50.629646 22.156458 15.037118
Pentax_OptioA40_3_32290.JPG 50.289520 21.504953 14.617209
Pentax_OptioA40_3_32291.JPG 51.305637 22.183359 14.906723
Pentax_OptioA40_3_32292.JPG 51.214066 22.004387 14.975235
Pentax_OptioA40_3_32293.JPG 50.639523 21.869724 14.430984
Pentax_OptioA40_3_32294.JPG 50.266743 21.597708 14.703631
Pentax_OptioA40_3_32295.JPG 51.534393 22.462963 14.476650
Pentax_OptioA40_3_32296.JPG 50.835705 22.506300 15.330717
Pentax_OptioA40_3_32297.JPG 50.456184 21.139551 15.007677
Pentax_OptioA40_3_32298.JPG 49.998566 21.307608 14.822641
Pentax_OptioA40_3_32299.JPG 52.288322 23.066971 13.632469
Pentax_OptioA40_3_32300.JPG 50.955463 23.291010 13.205683
Pentax_OptioA40_3_32302.JPG 50.077217 21.146219 12.098690
Pentax_OptioA40_3_32303.JPG 47.977268 21.977245 8.638403
Pentax_OptioA40_3_32304.JPG 47.971615 21.978292 8.635443
Pentax_OptioA40_3_32305.JPG 51.832390 22.594584 14.122162
Pentax_OptioA40_3_32306.JPG 51.740170 21.982630 13.787958
Pentax_OptioA40_3_32307.JPG 51.403049 20.661745 13.560585
Pentax_OptioA40_3_32308.JPG 49.614971 22.160950 12.718904
Pentax_OptioA40_3_32370.JPG 51.889637 22.933735 15.238330
Pentax_OptioA40_3_32371.JPG 51.973591 23.027733 15.329552
Pentax_OptioA40_3_32372.JPG 51.778809 22.832779 15.476616
Pentax_OptioA40_3_32373.JPG 50.585621 22.599493 15.543143
Pentax_OptioA40_3_32374.JPG 50.443012 22.299610 13.881539
Pentax_OptioA40_3_32375.JPG 50.850811 21.217201 13.833727
Pentax_OptioA40_3_32376.JPG 50.232121 20.683508 14.675775
Pentax_OptioA40_3_32377.JPG 50.128181 22.400438 14.076475
Pentax_OptioA40_3_32378.JPG 50.385006 23.054810 14.847485
Pentax_OptioA40_3_32379.JPG 51.338261 22.108067 15.615346
Pentax_OptioA40_3_32380.JPG 51.370350 22.921648 14.070559
Pentax_OptioA40_3_32381.JPG 51.773438 21.783545 13.920926
Pentax_OptioA40_3_32382.JPG 50.716263 23.456367 14.447824
Pentax_OptioA40_3_32383.JPG 51.298828 20.966402 13.661916
Pentax_OptioA40_3_32384.JPG 50.089565 20.588390 12.861180
Pentax_OptioA40_3_32385.JPG 49.023552 20.091831 13.092469
Pentax_OptioA40_3_32386.JPG 50.874126 22.356052 13.314997
Pentax_OptioA40_3_32387.JPG 50.951183 22.090408 12.885395
Pentax_OptioA40_3_32388.JPG 51.713459 20.912609 14.582948
Pentax_OptioA40_3_32389.JPG 51.782715 20.716206 14.751813
Pentax_OptioA40_3_32390.JPG 51.613335 23.606058 14.215503
Pentax_OptioA40_3_32391.JPG 54.021389 21.648129 12.655367
Pentax_OptioA40_3_32392.JPG 52.012211 20.168772 12.077659
Pentax_OptioA40_3_32393.JPG 52.575413 18.801107 12.674354
Pentax_OptioA40_3_32394.JPG 53.886311 20.633261 8.541009
Pentax_OptioA40_3_32395.JPG 52.440308 20.271748 11.428760
Pentax_OptioA40_3_32396.JPG 52.445198 19.192446 12.882579
Pentax_OptioA40_3_32397.JPG 52.579212 18.915483 12.746895
Pentax_OptioA40_3_32398.JPG 53.682167 20.201574 13.596217
Pentax_OptioA40_3_32399.JPG 54.093243 21.646435 12.609004
Pentax_OptioA40_3_32405.JPG 51.179585 22.702015 11.085662
Pentax_OptioA40_3_32406.JPG 48.476990 22.746073 13.099483
Pentax_OptioA40_3_32407.JPG 51.816826 20.441561 13.651163
Pentax_OptioA40_3_32408.JPG 52.076900 22.107605 13.484612
Pentax_OptioA40_3_32409.JPG 51.922913 23.357853 13.739072
Pentax_OptioA40_3_32410.JPG 52.068996 23.538696 13.679120
Pentax_OptioA40_3_32411.JPG 52.764236 21.262758 8.547201
Pentax_OptioA40_3_32412.JPG 53.182068 18.335602 11.675112
Pentax_OptioA40_3_32413.JPG 53.034832 22.157434 10.793401
Pentax_OptioA40_3_32414.JPG 57.277451 22.496044 12.335265
Pentax_OptioA40_3_32415.JPG 57.296322 22.497360 12.329494
Pentax_OptioA40_3_32416.JPG 52.967869 22.177591 10.732219
Pentax_OptioA40_3_32417.JPG 51.128757 20.627106 11.020905
Pentax_OptioA40_3_32418.JPG 50.996780 20.855661 11.334643
Pentax_OptioA40_3_32419.JPG 47.952782 22.746233 12.785372
Pentax_OptioA40_3_32420.JPG 50.857174 18.734531 12.887356
Pentax_OptioA40_3_32421.JPG 52.434513 22.728573 11.596528
Pentax_OptioA40_3_32422.JPG 58.009903 20.219698 18.014126
Pentax_OptioA40_3_32423.JPG 58.022644 20.216513 18.020584
Pentax_OptioA40_3_32424.JPG 53.506359 20.207708 10.767949
Pentax_OptioA40_3_32425.JPG 52.337833 18.579975 9.051743
Pentax_OptioA40_3_32426.JPG 53.649231 19.676291 7.283746
Pentax_OptioA40_3_32427.JPG 49.548916 21.846254 13.410518
Pentax_OptioA40_3_32428.JPG 50.190029 21.656109 12.873691
Pentax_OptioA40_3_32429.JPG 50.078156 22.860321 13.282707
Pentax_OptioA40_3_32430.JPG 49.957310 23.056725 13.086001
Pentax_OptioA40_3_32431.JPG 52.212650 22.352095 12.770347
Pentax_OptioA40_3_32432.JPG 52.838676 21.407040 13.595970
Pentax_OptioA40_3_32433.JPG 53.023129 23.330290 14.210135
Pentax_OptioA40_3_32434.JPG 52.544685 22.577284 14.370476
Pentax_OptioA40_3_32435.JPG 51.461887 24.173126 14.643728
Pentax_OptioA40_3_32436.JPG 51.702164 21.244907 12.767094
Pentax_OptioA40_3_32437.JPG 50.471592 21.021872 13.153449
Pentax_OptioA40_3_32438.JPG 49.672897 20.941021 13.917409
Pentax_OptioA40_3_32439.JPG 49.336811 22.275444 15.178323
Pentax_OptioA40_3_32440.JPG 51.374626 20.958326 15.888704
Pentax_OptioA40_3_32441.JPG 52.622906 21.560848 14.920829
Pentax_OptioA40_3_32447.JPG 53.020664 22.777328 12.984104
Pentax_OptioA40_3_32448.JPG 51.646862 23.216858 12.431912
Pentax_OptioA40_3_32449.JPG 50.544739 22.378780 11.854285
Pentax_OptioA40_3_32450.JPG 49.173328 21.424812 12.257221
Pentax_OptioA40_3_32451.JPG 52.333611 21.866795 16.315342
Pentax_OptioA40_3_32452.JPG 50.511642 23.586382 16.084866
Pentax_OptioA40_3_32453.JPG 50.877094 19.808277 14.947088
Pentax_OptioA40_3_32454.JPG 50.537239 19.664101 13.432029
Pentax_OptioA40_3_32455.JPG 48.627197 21.867344 14.185863
Pentax_OptioA40_3_32456.JPG 48.924706 23.445854 14.315804
Pentax_OptioA40_3_32457.JPG 50.621899 24.360369 13.402831
Pentax_OptioA40_3_32458.JPG 53.806694 22.350420 14.843098
Pentax_OptioA40_3_32459.JPG 51.553082 23.043850 16.870012
Pentax_OptioA40_3_32460.JPG 50.014626 22.426346 16.841751
Pentax_OptioA40_3_32461.JPG 49.798431 20.919987 16.258118
Pentax_OptioA40_3_32462.JPG 48.799023 20.584518 15.088114
Pentax_OptioA40_3_32463.JPG 50.255352 20.147768 16.569466
Pentax_OptioA40_3_32464.JPG 52.949276 20.236553 15.360577
Pentax_OptioA40_3_32465.JPG 51.384357 21.751144 17.501663
Pentax_OptioA40_3_32466.JPG 52.899391 24.241245 15.235851
Pentax_OptioA40_3_32467.JPG 53.262589 23.086830 16.468433
Pentax_OptioA40_3_32468.JPG 49.114578 23.725090 16.323946
Pentax_OptioA40_3_32469.JPG 48.200954 21.887314 16.226629
Pentax_OptioA40_3_32470.JPG 49.288345 19.375452 14.360145
Pentax_OptioA40_3_32475.JPG 48.885899 20.457968 11.468522
Pentax_OptioA40_3_32476.JPG 49.174213 23.714539 12.349782
Pentax_OptioA40_3_32477.JPG 50.023636 24.787888 14.953268
Pentax_OptioA40_3_32478.JPG 51.462173 24.718735 16.317865
Pentax_OptioA40_3_32479.JPG 52.461185 25.049427 13.540086
Pentax_OptioA40_3_32480.JPG 52.258400 19.700159 16.813103
Pentax_OptioA40_3_32481.JPG 51.735809 18.889484 14.435028
Pentax_OptioA40_3_32482.JPG 47.856319 20.543114 13.315872
Pentax_OptioA40_3_32486.JPG 54.052593 18.600285 12.869388
Pentax_OptioA40_3_32487.JPG 51.770023 18.703121 11.115261
Pentax_OptioA40_3_32488.JPG 51.438683 19.068415 10.854094
Pentax_OptioA40_3_32489.JPG 52.132210 18.711704 11.261045
Pentax_OptioA40_3_32490.JPG 51.962139 21.106405 9.896017
Pentax_OptioA40_3_32491.JPG 51.897629 21.198221 10.016794
Pentax_OptioA40_3_32492.JPG 50.671204 22.245241 8.880961
Pentax_OptioA40_3_32493.JPG 49.714394 21.569344 10.479004
Pentax_OptioA40_3_32494.JPG 53.501560 23.952702 11.786558
Pentax_OptioA40_3_32495.JPG 51.617840 25.102165 11.528640
Pentax_OptioA40_3_32496.JPG 50.684017 19.732937 9.024465
Pentax_OptioA40_3_32497.JPG 50.858658 19.607998 9.003713
Pentax_OptioA40_3_32498.JPG 50.276947 20.010450 9.661998
Pentax_OptioA40_3_32499.JPG 51.552162 22.835217 8.342134
Pentax_OptioA40_3_32500.JPG 50.408295 23.504887 9.002005
